uid,name,cat_L1,cat_L2,province,city,area,address,street_id,detail,child_num,loc_lng,loc_lat,telephone,type,detail_url,price,shop_hours,overall_rating,taste_rating,service_rating,environment_rating,facility_rating,hygiene_rating,technology_rating,image_num,comment_num,groupon_num,discount_num,favorite_num,checkin_num,brand,content_tag,naviloc_lng,naviloc_lat,child_num
2a7a25ec4658f01d6c3e1b3b,安娜饼屋(顺峰店),美食,蛋糕甜品店,广东省,佛山市,顺德区,广东佛山市顺德区大良顺峰山农场茶园北街金泉阁首层2号铺,2a7a25ec4658f01d6c3e1b3b,1,0,113.273811,22.805411,(0757)22293032,cater,http://api.map.baidu.com/place/detail?uid=2a7a25ec4658f01d6c3e1b3b&output=html&source=placeapi_v2,12.0,07:00-23:00,3.6,,,,,,,,1,,,,,,,113.27397080473,22.805416890014,0
20e7ff8db4fcd883c7f50d49,椰奶奶甜品,美食,蛋糕甜品店,广东省,佛山市,顺德区,佛山市顺德区大吉村大吉公园前3号,20e7ff8db4fcd883c7f50d49,1,0,113.292333,22.810843,13825586855,cater,http://api.map.baidu.com/place/detail?uid=20e7ff8db4fcd883c7f50d49&output=html&source=placeapi_v2,27.0,11:00-23:00,3.9,,,,,,,,2,,,,,,,113.29238824786,22.810787348522,0
0dea145cf1361b6ac17da26f,拉维熙烘焙生活馆,美食,蛋糕甜品店,广东省,佛山市,顺德区,广东省佛山市顺德区德胜中路保利中悦花园b区066号铺,,1,0,113.310458,22.801943,18988681666,cater,http://api.map.baidu.com/place/detail?uid=0dea145cf1361b6ac17da26f&output=html&source=placeapi_v2,,09:00-22:30,3.5,,,,,,,,,,,,,,,113.31054271655,22.801702849974,0
b58eb1e7148e40b62ce67b0e,麦语乐面包蛋糕,美食,蛋糕甜品店,广东省,佛山市,顺德区,佛山市顺德区保乐路保利中汇花园,,1,0,113.309528,22.805831,18718765061,cater,http://api.map.baidu.com/place/detail?uid=b58eb1e7148e40b62ce67b0e&output=html&source=placeapi_v2,,,,,,,,,,,,,,,,,,113.30953418626,22.805764457226,0
3d4d974b79b3fdd2df1e52fb,童话王子生日蛋糕(大良新城店),美食,蛋糕甜品店,广东省,佛山市,顺德区,顺德区大良街道南江社区新中路24号商铺,,1,0,113.28858,22.80521,13690686152,cater,http://api.map.baidu.com/place/detail?uid=3d4d974b79b3fdd2df1e52fb&output=html&source=placeapi_v2,,07:00-23:00,,,,,,,,,,,,,,,,113.28853581348,22.805280778818,0
fec45b5714e8ae183310af70,顺麦园面包西饼店,美食,蛋糕甜品店,广东省,佛山市,顺德区,广东省佛山市顺德区苏龙街四巷31号,fec45b5714e8ae183310af70,1,0,113.299045,22.817055,,cater,http://api.map.baidu.com/place/detail?uid=fec45b5714e8ae183310af70&output=html&source=placeapi_v2,,05:00-22:00,,,,,,,,,,,,,,,,113.29901739219,22.817123010439,0
b73a630350d3c261abf7297c,避风塘(南霞分店),美食,蛋糕甜品店,广东省,佛山市,顺德区,广东省佛山市顺德区南霞新路4巷9号,b73a630350d3c261abf7297c,1,0,113.28639,22.798758,13790083501,life,http://api.map.baidu.com/place/detail?uid=b73a630350d3c261abf7297c&output=html&source=placeapi_v2,,"10:30-14:00,16:30-21:00",,,,,,,,8,,,,,,,,,,0
d21b6d6e2f2d5651047ce8e0,Sy烘焙屋,美食,蛋糕甜品店,广东省,佛山市,顺德区,佛山市顺德区宝林路顺峰花园-碧湖轩东侧约210米,d21b6d6e2f2d5651047ce8e0,1,0,113.290314,22.811079,,cater,http://api.map.baidu.com/place/detail?uid=d21b6d6e2f2d5651047ce8e0&output=html&source=placeapi_v2,,,,,,,,,,1,,,,,,,,,,0
372ef4358a6d7778a8f729f4,麦峰烘焙,美食,蛋糕甜品店,广东省,佛山市,顺德区,广东省佛山市顺德区华海路五街一巷7号,372ef4358a6d7778a8f729f4,1,0,113.296534,22.816037,13302856457,cater,http://api.map.baidu.com/place/detail?uid=372ef4358a6d7778a8f729f4&output=html&source=placeapi_v2,,,3.4,,,,,,,,,,,,,,,113.29644758356,22.815963738209,0
a254d61b53cfe89ce856fac8,亿寿堂凉茶(南江中路店),美食,蛋糕甜品店,广东省,佛山市,顺德区,广东省佛山市顺德区古鉴东路一巷1号南江市场17号,a254d61b53cfe89ce856fac8,1,0,113.290104,22.806893,13434830588,cater,http://api.map.baidu.com/place/detail?uid=a254d61b53cfe89ce856fac8&output=html&source=placeapi_v2,,"09:00-12:30,14:30-22:00",,,,,,,,,,,,,,,,113.28993753659,22.806872581793,0
64ca31f49db2e30241024558,安娜饼屋(顺职院店),美食,蛋糕甜品店,广东省,佛山市,顺德区,广东佛山市顺德区德胜东路顺德职业技术学院荷苑1楼,,1,0,113.331432,22.814928,18029355217,cater,http://api.map.baidu.com/place/detail?uid=64ca31f49db2e30241024558&output=html&source=placeapi_v2,7.0,06:00-23:30,3.3,,,,,,,,0,,,,,,,,,0
5bd7745c53c927922fb96d55,潘多拉城市奶茶形象店(潭洲店),美食,蛋糕甜品店,广东省,广州市,南沙区,广东省广州市南沙区鸭利大街77号,5bd7745c53c927922fb96d55,1,0,113.393419,22.792368,,cater,http://api.map.baidu.com/place/detail?uid=5bd7745c53c927922fb96d55&output=html&source=placeapi_v2,,,3.5,,,,,,,,1,,,,,,,113.39336646209,22.792325738306,0
4f251d05bf2695063ce23199,采蝶轩(潭洲店),美食,蛋糕甜品店,广东省,广州市,南沙区,广东省广州市南沙区大岗镇欣荣路87号首层,4f251d05bf2695063ce23199,1,0,113.395249,22.790049,(020)39009565,cater,http://api.map.baidu.com/place/detail?uid=4f251d05bf2695063ce23199&output=html&source=placeapi_v2,13.0,06:00-22:00,3.7,,,,,,,,2,,,,,,,113.39538581065,22.789911859821,0
0be54e2af97b4706871541a3,名苑甜品店,美食,蛋糕甜品店,广东省,广州市,南沙区,广东省广州市南沙区巿大岗镇灵山金灵南路5号101铺名,,1,0,113.418691,22.816176,(020)34933163,cater,http://api.map.baidu.com/place/detail?uid=0be54e2af97b4706871541a3&output=html&source=placeapi_v2,21.0,11:00-24:00,3.7,,,,,,,18,1,,,,,,,113.41871520435,22.816232593015,0
ccd98e72d141aea1725e806c,沁园甜品(南沙店),美食,蛋糕甜品店,广东省,广州市,南沙区,广东省广州市南沙区环镇西路2楼,ccd98e72d141aea1725e806c,1,0,113.413565,22.804954,(020)34980960,cater,http://api.map.baidu.com/place/detail?uid=ccd98e72d141aea1725e806c&output=html&source=placeapi_v2,16.0,10:30-23:30,0,,,,,,,,1,,,,,,,113.41351479352,22.804896822483,0
0521f281585ed26f6cc02c66,苏氏甜品,美食,蛋糕甜品店,广东省,广州市,南沙区,广东省广州市南沙区南沙东路与莲塘上街交叉口南380米,0521f281585ed26f6cc02c66,1,0,113.421937,22.79741,13660467986,cater,http://api.map.baidu.com/place/detail?uid=0521f281585ed26f6cc02c66&output=html&source=placeapi_v2,,,5,,,,,,,,1,,,,,,,,,0
0649600439b868bec9fa5fb1,糕糯茶ZOC甜品,美食,蛋糕甜品店,广东省,广州市,南沙区,广东省广州市南沙区兴业路86号富华苑一期107号,0649600439b868bec9fa5fb1,1,0,113.408421,22.802935,15013282223,cater,http://api.map.baidu.com/place/detail?uid=0649600439b868bec9fa5fb1&output=html&source=placeapi_v2,,11:30-21:00,3.5,,,,,,,,1,,,,,,,113.40833467976,22.803004437708,0
3cb5cbd381231f2f97031913,采蝶轩(解放店),美食,蛋糕甜品店,广东省,广州市,南沙区,广东省广州市南沙区解放路岗城大厦108号,3cb5cbd381231f2f97031913,1,0,113.418335,22.810616,(020)34933210,cater,http://api.map.baidu.com/place/detail?uid=3cb5cbd381231f2f97031913&output=html&source=placeapi_v2,7.0,06:00-22:30,3.7,,,,,,,,2,,,,,,,113.41836484108,22.810720853406,0
19890050f8950f0832f71d55,采蝶轩(大岗店),美食,蛋糕甜品店,广东省,广州市,南沙区,广东省广州市南沙区兴业路76号2楼,19890050f8950f0832f71d55,1,0,113.409706,22.804455,(020)34980523,cater,http://api.map.baidu.com/place/detail?uid=19890050f8950f0832f71d55&output=html&source=placeapi_v2,10.0,09:30-22:00,3.6,,,,,,,,4,,,,,,,113.40964788474,22.804459408375,0
e08d72770888711dd42ce2ef,星奇异千层蛋糕(大岗店),美食,蛋糕甜品店,广东省,广州市,南沙区,广东省广州市南沙区环镇西路16号,e08d72770888711dd42ce2ef,1,0,113.413472,22.805189,13710006100,cater,http://api.map.baidu.com/place/detail?uid=e08d72770888711dd42ce2ef&output=html&source=placeapi_v2,23.0,10:00-22:00,4.4,,,,,,,,7,,,,,,,,,0
f4f87c652a04c227b13c816a,广隆蛋挞王(大岗店),美食,蛋糕甜品店,广东省,广州市,南沙区,广州市南沙区大岗镇兴业路12号,f4f87c652a04c227b13c816a,1,0,113.416765,22.810699,(020)84933603,cater,http://api.map.baidu.com/place/detail?uid=f4f87c652a04c227b13c816a&output=html&source=placeapi_v2,19.0,08:00-20:00,3.6,,,,,,,,2,,,,,,,113.41675484764,22.810749774675,0
c7feee6f563c59d0a8f7293a,健生堂凉茶(兴业路店),美食,蛋糕甜品店,广东省,广州市,南沙区,广东省广州市南沙区兴业路62号,c7feee6f563c59d0a8f7293a,1,0,113.411505,22.80624,18319579157,cater,http://api.map.baidu.com/place/detail?uid=c7feee6f563c59d0a8f7293a&output=html&source=placeapi_v2,12.0,09:00-23:00,0,,,,,,,,1,,,,,,,,,0
c61bd305e9009515c37da2bd,心心蛋糕,美食,蛋糕甜品店,广东省,广州市,南沙区,广东省广州市南沙区豪岗大道2号豪景大厦106号,c61bd305e9009515c37da2bd,1,0,113.410942,22.807735,(020)34936260,cater,http://api.map.baidu.com/place/detail?uid=c61bd305e9009515c37da2bd&output=html&source=placeapi_v2,,00:00-24:00,3.4,,,,,,,,0,,,,,,,,,0
cb3bf530da550dc90b69d97e,绿叶居西饼(大岗店),美食,蛋糕甜品店,广东省,广州市,南沙区,广东省广州市南沙区兴业路47~51号,cb3bf530da550dc90b69d97e,1,0,113.409026,22.804244,(020)34986648,cater,http://api.map.baidu.com/place/detail?uid=cb3bf530da550dc90b69d97e&output=html&source=placeapi_v2,13.0,06:00-23:00,4,,,,,,,,2,,,,,,,113.40925690356,22.804139241219,0
083d3e7ea68eaae11576432a,司徒恒凉茶(大岗分店),美食,蛋糕甜品店,广东省,广州市,南沙区,广东省广州市南沙区人民路104号,083d3e7ea68eaae11576432a,1,0,113.418743,22.811192,,cater,http://api.map.baidu.com/place/detail?uid=083d3e7ea68eaae11576432a&output=html&source=placeapi_v2,,,0,,,,,,,,1,,,,,,,,,0
e8f5de6e2079cc8f4d554754,雄辉西饼婚嫁喜饼生日蛋糕,美食,蛋糕甜品店,广东省,广州市,南沙区,广东省广州市南沙区环城北路20号,e8f5de6e2079cc8f4d554754,1,0,113.418914,22.814418,(020)84996802,cater,http://api.map.baidu.com/place/detail?uid=e8f5de6e2079cc8f4d554754&output=html&source=placeapi_v2,,,3.6,,,,,,,,2,,,,,,,,,0
2a63ffd5f383d27015a190ae,大卡司(阳光城市广场店),美食,蛋糕甜品店,广东省,广州市,南沙区,广州市南沙区大岗镇兴业路118号阳光城市广场F1,2a63ffd5f383d27015a190ae,1,0,113.40707,22.801416,13318816716,cater,http://api.map.baidu.com/place/detail?uid=2a63ffd5f383d27015a190ae&output=html&source=placeapi_v2,11.0,12:00-21:00,3.6,,,,,,,,11,,,,,,,113.40719998606,22.801732987131,0
a97172d379aee148b05c6af4,味尼斯(阳光城市广场店),美食,蛋糕甜品店,广东省,广州市,南沙区,广州市南沙区大岗镇繁盛路51号2号,a97172d379aee148b05c6af4,1,0,113.407903,22.801048,,cater,http://api.map.baidu.com/place/detail?uid=a97172d379aee148b05c6af4&output=html&source=placeapi_v2,,10:00-21:00,0,,,,,,,,0,,,,,,,113.40790156086,22.801153138147,0
6de00407a069b8dec26c1480,利荣年奶茶,美食,蛋糕甜品店,广东省,广州市,南沙区,广东省广州市南沙区兴业路67号,6de00407a069b8dec26c1480,1,0,113.408805,22.803951,"(020)39133663,13430399156",cater,http://api.map.baidu.com/place/detail?uid=6de00407a069b8dec26c1480&output=html&source=placeapi_v2,26.0,09:30-23:30,3.6,,,,,,,,2,,,,,,,113.40886599962,22.80386200496,0
31238ac6fecc0e3296ca0769,徐其修凉茶(豪岗大道店),美食,蛋糕甜品店,广东省,广州市,南沙区,广东省广州市南沙区豪岗大道5东北方向5号0米,31238ac6fecc0e3296ca0769,1,0,113.410811,22.8084,13662333368,cater,http://api.map.baidu.com/place/detail?uid=31238ac6fecc0e3296ca0769&output=html&source=placeapi_v2,11.0,10:00-22:00,3.4,,,,,,,,0,,,,,,,113.41066037476,22.808395651876,0
7b383f87d15eb750c2f1cfd8,小糖記港式甜品,美食,蛋糕甜品店,广东省,广州市,南沙区,广州市南沙区双山大道中大城,,1,0,113.543714,22.799019,,cater,http://api.map.baidu.com/place/detail?uid=7b383f87d15eb750c2f1cfd8&output=html&source=placeapi_v2,,,,,,,,,,,,,,,,,,,,0
67bb2bcc1da3640088fc0621,GONG CHA(万达广场广州南沙店),美食,蛋糕甜品店,广东省,广州市,南沙区,广东省广州市南沙区南沙街道蕉门河社区双山大道3号万达广场F1,67bb2bcc1da3640088fc0621,1,0,113.539725,22.800835,18179868134,cater,http://api.map.baidu.com/place/detail?uid=67bb2bcc1da3640088fc0621&output=html&source=placeapi_v2,11.0,10:00-22:00,4.1,,,,,,,,8,,,,,,,113.54051979653,22.801766308624,0
6ede58746802204d2a02e1f2,实事多甜品店,美食,蛋糕甜品店,广东省,广州市,南沙区,广州市南沙区海熙大街越秀·滨海悦城,,1,0,113.538981,22.799057,,cater,http://api.map.baidu.com/place/detail?uid=6ede58746802204d2a02e1f2&output=html&source=placeapi_v2,,,,,,,,,,,,,,,,,,,,0
c6051001c9bc1803c91b95df,咕噜咕噜(万达广场广州南沙店),美食,蛋糕甜品店,广东省,广州市,南沙区,广东省广州市南沙区南沙街道蕉门河社区双山大道3号万达广场F1,c6051001c9bc1803c91b95df,1,0,113.540039,22.800598,(020)39012551,cater,http://api.map.baidu.com/place/detail?uid=c6051001c9bc1803c91b95df&output=html&source=placeapi_v2,20.0,10:45-22:00,3.7,,,,,,,,1,,,,,,,113.54011282026,22.800679086967,0
e70059977b361aff2efaa7f5,DQ(万达广场广州南沙店),美食,蛋糕甜品店,广东省,广州市,南沙区,广东省广州市南沙区南沙街道蕉门河社区双山大道3号万达广场F3,e70059977b361aff2efaa7f5,1,0,113.539219,22.800926,(020)39012987,cater,http://api.map.baidu.com/place/detail?uid=e70059977b361aff2efaa7f5&output=html&source=placeapi_v2,27.0,10:00-22:00,4.0,,,,,,,,0,,,,,,,113.54051979653,22.801766308624,0
b8873d6a4ce2e7a78605bf42,燕记甜品(金洲店),美食,蛋糕甜品店,广东省,广州市,南沙区,广东省广州市南沙区裕花街金洲裕兴花园15栋38~40号,b8873d6a4ce2e7a78605bf42,1,0,113.555439,22.80813,18620916805,cater,http://api.map.baidu.com/place/detail?uid=b8873d6a4ce2e7a78605bf42&output=html&source=placeapi_v2,11.0,11:00-23:00,3.7,,,,,,,,0,,,,,,,113.55544569862,22.808202388601,0
549739ea8fad154588fc06a7,沙湾水牛奶甜品,美食,蛋糕甜品店,广东省,广州市,南沙区,广州市南沙区裕华街裕兴花园,549739ea8fad154588fc06a7,1,0,113.555479,22.808126,18620916805,cater,http://api.map.baidu.com/place/detail?uid=549739ea8fad154588fc06a7&output=html&source=placeapi_v2,,09:30-23:00,,,,,,,,,,,,,,,,,,0
31196fcbcdb984bf50e5c5d5,金洲糖水,美食,蛋糕甜品店,广东省,广州市,南沙区,广东省广州市南沙区裕顺街裕兴花园26栋13号,31196fcbcdb984bf50e5c5d5,1,0,113.554335,22.808607,"13413310755,15768220540",cater,http://api.map.baidu.com/place/detail?uid=31196fcbcdb984bf50e5c5d5&output=html&source=placeapi_v2,11.0,11:00-24:00,3.5,,,,,,,,1,,,,,,,113.55433171086,22.808528566997,0
a9672e62da382a4a220262b3,大卡司(万达广场广州南沙店),美食,蛋糕甜品店,广东省,广州市,南沙区,广东省广州市南沙区南沙街道蕉门河社区双山大道3号万达广场F3,a9672e62da382a4a220262b3,1,0,113.538436,22.80086,15118876351,cater,http://api.map.baidu.com/place/detail?uid=a9672e62da382a4a220262b3&output=html&source=placeapi_v2,13.0,10:00-22:00,3.6,,,,,,,,0,,,,,,,113.54051979653,22.801766308624,0
6b7279e8bf206164d6b74ee3,糖百府(亿裕街店),美食,蛋糕甜品店,广东省,广州市,南沙区,广东省广州市南沙区亿裕街11号,6b7279e8bf206164d6b74ee3,1,0,113.555454,22.807057,13060621864,cater,http://api.map.baidu.com/place/detail?uid=6b7279e8bf206164d6b74ee3&output=html&source=placeapi_v2,33.0,14:00-22:30,4.0,,,,,,,,2,,,,,,,113.5553569146,22.806990526209,0
593850fbed6dbe20df1e5209,新园蛋糕(亿裕街店),美食,蛋糕甜品店,广东省,广州市,南沙区,广东省广州市南沙区步行街62号,593850fbed6dbe20df1e5209,1,0,113.555637,22.807151,(020)84688271,cater,http://api.map.baidu.com/place/detail?uid=593850fbed6dbe20df1e5209&output=html&source=placeapi_v2,31.0,06:15-24:00,0,,,,,,,,1,,,,,,,113.55552161532,22.807211686744,0
825db0110bfe6ca34002456d,六月雪糖水(板头五街店),美食,蛋糕甜品店,广东省,广州市,南沙区,广东省广州市南沙区板头五街10号,825db0110bfe6ca34002456d,1,0,113.556731,22.796953,13711755357,cater,http://api.map.baidu.com/place/detail?uid=825db0110bfe6ca34002456d&output=html&source=placeapi_v2,,,,,,,,,,,,,,,,,,113.55682591899,22.796917771288,0
6aac3130c0932fb73a04b13c,皇冠·玛莉奥(豪庭店),美食,蛋糕甜品店,广东省,广州市,南沙区,广东省广州市南沙区豪晴六街11号碧桂园101房,6aac3130c0932fb73a04b13c,1,0,113.552945,22.79655,(020)39007872,cater,http://api.map.baidu.com/place/detail?uid=6aac3130c0932fb73a04b13c&output=html&source=placeapi_v2,11.0,06:00-22:30,3.8,,,,,,,,89,,,,,,,113.55289507421,22.796769986895,0
1d05bd6648b60ac19fec2b52,沁园(今洲新天地店),美食,蛋糕甜品店,广东省,广州市,南沙区,广东省广州市南沙区金沙路1号(金莎广场对面)今洲新天地F2,1d05bd6648b60ac19fec2b52,1,0,113.551783,22.807209,4006091989,cater,http://api.map.baidu.com/place/detail?uid=1d05bd6648b60ac19fec2b52&output=html&source=placeapi_v2,,,,,,,,,,,,,,,,,,113.55172724741,22.806647889334,0
fcee4d344c3530cc28d7abe8,简约时光咖啡奶茶(金洲店),美食,蛋糕甜品店,广东省,广州市,南沙区,广东省广州市南沙区进港大道129号129号后排5号,fcee4d344c3530cc28d7abe8,1,0,113.559568,22.806508,18122380069,cater,http://api.map.baidu.com/place/detail?uid=fcee4d344c3530cc28d7abe8&output=html&source=placeapi_v2,19.0,06:00-22:30,3.7,,,,,,,,2,,,,,,,113.55965707253,22.806585689951,0
8ed6ede35ff71f18b35c6aaa,小蜜蜂(今洲新天地店),美食,蛋糕甜品店,广东省,广州市,南沙区,广东省广州市南沙区金沙路1号(金莎广场对面)今洲新天地F1,,1,0,113.551776,22.807445,17688487668,shopping,http://api.map.baidu.com/place/detail?uid=8ed6ede35ff71f18b35c6aaa&output=html&source=placeapi_v2,,15:30-21:00,,,,,,,,,,,,,,,,113.55172303795,22.806580159111,0
c6bc50f189dc935936b06cfb,亚答子甜品,美食,蛋糕甜品店,广东省,广州市,南沙区,广州市南沙区亿裕街裕兴花园西南侧约30米,c6bc50f189dc935936b06cfb,1,0,113.554895,22.807029,13533232111,cater,http://api.map.baidu.com/place/detail?uid=c6bc50f189dc935936b06cfb&output=html&source=placeapi_v2,20.0,13:00-23:00,4.8,,,,,,,,6,,,,,,,,,0
d288d5688a2a64ce2b201a69,琛之琳蛋糕(华汇店),美食,蛋糕甜品店,广东省,广州市,南沙区,广东省广州市南沙区珠电路20号,d288d5688a2a64ce2b201a69,1,0,113.564087,22.805368,13926469564,cater,http://api.map.baidu.com/place/detail?uid=d288d5688a2a64ce2b201a69&output=html&source=placeapi_v2,21.0,07:00-24:00,0,,,,,,,,0,,,,,,,113.56351461558,22.805801201004,0
86adeba78545874c79b55c0f,洛丽塔蛋糕工坊(虎门店),美食,蛋糕甜品店,广东省,东莞市,,广东省东莞市连升中路30号虎门地标大厦a区a栋a009号,86adeba78545874c79b55c0f,1,0,113.693817,22.811289,"(0769)85551177,13416947668",cater,http://api.map.baidu.com/place/detail?uid=86adeba78545874c79b55c0f&output=html&source=placeapi_v2,58.0,11:30-22:00,0,,,,,,,,1,,,,,,,113.69400388695,22.811395181614,0
997d349490f6c1bfcae33c7f,诺蜜坊西点蛋糕,美食,蛋糕甜品店,广东省,东莞市,,广东省东莞市连升中路38号地标广场2区1303号,997d349490f6c1bfcae33c7f,1,0,113.694851,22.815734,(0769)85126171,cater,http://api.map.baidu.com/place/detail?uid=997d349490f6c1bfcae33c7f&output=html&source=placeapi_v2,20.0,07:30-22:00,3.4,,,,,,,,3,,,,,,,,,0
1f3045ad40255ef5ab0dd8b1,铭富MF爽爽甜品,美食,蛋糕甜品店,广东省,东莞市,,广东省东莞市南元祖路5~6号,1f3045ad40255ef5ab0dd8b1,1,0,113.694481,22.808609,13642913088,cater,http://api.map.baidu.com/place/detail?uid=1f3045ad40255ef5ab0dd8b1&output=html&source=placeapi_v2,,,,,,,,,,,,,,,,,,,,0
0a956ab078cbc8c0f60e773c,心域美食,美食,蛋糕甜品店,广东省,东莞市,,东莞市太沙路253号,0a956ab078cbc8c0f60e773c,1,0,113.696467,22.79168,(0769)85568977,cater,http://api.map.baidu.com/place/detail?uid=0a956ab078cbc8c0f60e773c&output=html&source=placeapi_v2,16.0,06:00-23:00,3.7,,,,,,,,15,,,,,,,113.69632143072,22.791663368868,0
4bf76c1fb4eda5c0c5effbe0,茶萃吧(太沙路店),美食,蛋糕甜品店,广东省,东莞市,,东莞市太沙路南栅段270号,4bf76c1fb4eda5c0c5effbe0,1,0,113.692663,22.798763,13537274646,cater,http://api.map.baidu.com/place/detail?uid=4bf76c1fb4eda5c0c5effbe0&output=html&source=placeapi_v2,,11:30-23:30,,,,,,,,,,,,,,,,113.69276143341,22.79879618772,0
7503683511f7b1b65f0d02ab,广隆蛋挞王(长安厦边店),美食,蛋糕甜品店,广东省,东莞市,,广东省东莞市厦边社区沿河路37号一楼5号铺,7503683511f7b1b65f0d02ab,1,0,113.741007,22.803392,"(0769)81666655,(0769)85398539",cater,http://api.map.baidu.com/place/detail?uid=7503683511f7b1b65f0d02ab&output=html&source=placeapi_v2,12.0,10:30-23:00,3.7,,,,,,,,12,,,,,,,,,0
8ce6defbc05ecdb2f32d83af,弘祥蛋糕(长安厦岗店),美食,蛋糕甜品店,广东省,东莞市,,广东省东莞市开源路八巷22号,8ce6defbc05ecdb2f32d83af,1,0,113.746874,22.803467,"(0769)82926421,13532604507",cater,http://api.map.baidu.com/place/detail?uid=8ce6defbc05ecdb2f32d83af&output=html&source=placeapi_v2,,05:30-23:30,3.5,,,,,,,,10,,,,,,,113.74692964012,22.803517259165,0
323115c8a904b1662811d166,皇后甜品,美食,蛋糕甜品店,广东省,东莞市,,东莞市尚警街中国石化(厦边加油站)西北侧约230米,323115c8a904b1662811d166,1,0,113.741463,22.814126,,cater,http://api.map.baidu.com/place/detail?uid=323115c8a904b1662811d166&output=html&source=placeapi_v2,,,,,,,,,,,,,,,,,,,,0
8609e13c6fdf6143e215f939,茶萃吧(客都汇店),美食,蛋糕甜品店,广东省,东莞市,,广东省东莞市民兴路107号,8609e13c6fdf6143e215f939,1,0,113.722186,22.800665,13686673002,cater,http://api.map.baidu.com/place/detail?uid=8609e13c6fdf6143e215f939&output=html&source=placeapi_v2,,,3.5,,,,,,,,,,,,,,,,,0
f72253e4ce17493bd42ce252,蛋糕甜品小食饮品,美食,蛋糕甜品店,广东省,东莞市,,东莞市裕兴路凌宵阁东侧约80米,f72253e4ce17493bd42ce252,1,0,113.796731,22.798128,,cater,http://api.map.baidu.com/place/detail?uid=f72253e4ce17493bd42ce252&output=html&source=placeapi_v2,,,,,,,,,,,,,,,,,,,,0
044ea4873e667f0c2bd7ab8f,文记甜品,美食,蛋糕甜品店,广东省,东莞市,,广东省东莞市上沙社区中山北路12号一楼2号铺,044ea4873e667f0c2bd7ab8f,1,0,113.764649,22.799934,13827243087,cater,http://api.map.baidu.com/place/detail?uid=044ea4873e667f0c2bd7ab8f&output=html&source=placeapi_v2,,11:30-00:00,3.5,,,,,,,,,,,,,,,113.76473870764,22.799920585299,0
8dfb96c5d08d600194ca07b1,麦贝儿烘焙坊(长安沙头店),美食,蛋糕甜品店,广东省,东莞市,,广东省东莞市滨河路28号,8dfb96c5d08d600194ca07b1,1,0,113.77951,22.790672,(0769)81588558,cater,http://api.map.baidu.com/place/detail?uid=8dfb96c5d08d600194ca07b1&output=html&source=placeapi_v2,28.0,06:00-23:30,4.2,,,,,,,,31,,,,,,,113.77948372065,22.790555513555,0
5ea7c1a2a14f9e563be4a6be,爽爽甜品(沙溪路店),美食,蛋糕甜品店,广东省,东莞市,,广东省东莞市上沙综合市场47号铺,5ea7c1a2a14f9e563be4a6be,1,0,113.762323,22.798974,,cater,http://api.map.baidu.com/place/detail?uid=5ea7c1a2a14f9e563be4a6be&output=html&source=placeapi_v2,,07:00-00:30,,,,,,,,,,,,,,,,113.76245870765,22.798959916673,0
c11f08318094b1a30a5cb31b,化州爽爽甜品(振源路店),美食,蛋糕甜品店,广东省,东莞市,,广东省东莞市振源路C号宿舍楼首层,,1,0,113.799962,22.797073,18778540659,cater,http://api.map.baidu.com/place/detail?uid=c11f08318094b1a30a5cb31b&output=html&source=placeapi_v2,,07:00-24:00,,,,,,,,,,,,,,,,,,0
e42448db58c87838cc06a4f6,雪芙蓉农家菜馆(中山北路店),美食,蛋糕甜品店,广东省,东莞市,,广东省东莞市中山北路36号,e42448db58c87838cc06a4f6,1,0,113.76418,22.797837,(0769)85333391,cater,http://api.map.baidu.com/place/detail?uid=e42448db58c87838cc06a4f6&output=html&source=placeapi_v2,39.0,11:00-24:00,3.4,,,,,,,,2,,,,,,,113.76441008952,22.797827804698,0
b3748b933097c794eb12e4ac,杏林春凉茶(长安八店),美食,蛋糕甜品店,广东省,东莞市,,广东省东莞市环东路204号,b3748b933097c794eb12e4ac,1,0,113.797496,22.798807,(0769)85385779,cater,http://api.map.baidu.com/place/detail?uid=b3748b933097c794eb12e4ac&output=html&source=placeapi_v2,10.0,09:00-22:00,3.5,,,,,,,,0,,,,,,,113.7976111773,22.798852391359,0
46e86fdd18c7e46fd03ce3aa,真有福西饼面包店(涌头店),美食,蛋糕甜品店,广东省,东莞市,,广东省东莞市涌头村文山路14号之4~5号铺,46e86fdd18c7e46fd03ce3aa,1,0,113.830892,22.809405,(0769)85079133,life,http://api.map.baidu.com/place/detail?uid=46e86fdd18c7e46fd03ce3aa&output=html&source=placeapi_v2,,06:30-23:30,,,,,,,,13,28,,,,,,,113.83088829226,22.809330626419,0
adc54e5e1e8b95a1cc06a4a2,鲜芋圆甜品(长安第三分店),美食,蛋糕甜品店,广东省,东莞市,,广东省东莞市沙埔头路18号,adc54e5e1e8b95a1cc06a4a2,1,0,113.80954,22.811035,"13580885460,13649887345",cater,http://api.map.baidu.com/place/detail?uid=adc54e5e1e8b95a1cc06a4a2&output=html&source=placeapi_v2,,11:00-24:00,4.8,,,,,,,,12,,,,,,,,,0
f5105ce4443925823617dc4f,银龙轩精品烘培(锦源店),美食,蛋糕甜品店,广东省,东莞市,,广东省东莞市锦源路一坊五巷13号,f5105ce4443925823617dc4f,1,0,113.812403,22.804733,(0769)81557235,cater,http://api.map.baidu.com/place/detail?uid=f5105ce4443925823617dc4f&output=html&source=placeapi_v2,15.0,06:00-24:00,3.5,,,,,,,,1,,,,,,,113.8124896273,22.804716789259,0
a6bb2ac49654c6b342d63ef4,小归小手制甜品,美食,蛋糕甜品店,广东省,东莞市,,广东省东莞市长盛东路20号一楼102室,a6bb2ac49654c6b342d63ef4,1,0,113.812218,22.811524,13556772291,cater,http://api.map.baidu.com/place/detail?uid=a6bb2ac49654c6b342d63ef4&output=html&source=placeapi_v2,28.0,10:30-21:30,3.7,,,,,,,,0,,,,,,,113.81215564866,22.811461280196,0
60f34ae776bcf1b301294ff3,百味津凉茶,美食,蛋糕甜品店,广东省,东莞市,,广东省东莞市长安镇长兴街22号,60f34ae776bcf1b301294ff3,1,0,113.813819,22.806184,(0769)85538289,life,http://api.map.baidu.com/place/detail?uid=60f34ae776bcf1b301294ff3&output=html&source=placeapi_v2,,09:00-20:00,,,,,,,,15,,,,,,,,113.81372572353,22.806298867209,0
6835e3a70c43ef57e21103ab,广隆蛋挞王(中学店),美食,蛋糕甜品店,广东省,东莞市,,广东省东莞市沙埔头路15号,6835e3a70c43ef57e21103ab,1,0,113.810124,22.810554,"(0769)88002727,13827278539",cater,http://api.map.baidu.com/place/detail?uid=6835e3a70c43ef57e21103ab&output=html&source=placeapi_v2,23.0,06:00-23:30,3.6,,,,,,,,2,,,,,,,113.8101671168,22.810622862977,0
bd5046e8bfe71941d62ce2aa,子情贝诺·面包蛋糕(宵边店),美食,蛋糕甜品店,广东省,东莞市,,广东省东莞市霄边大街48号康景楼1楼,bd5046e8bfe71941d62ce2aa,1,0,113.824693,22.811634,(0769)85378648,cater,http://api.map.baidu.com/place/detail?uid=bd5046e8bfe71941d62ce2aa&output=html&source=placeapi_v2,33.0,06:30-22:00,3.7,,,,,,,,14,,,,,,,113.82457099469,22.811655040266,0
ef65603020f5c6434f776eba,LOVEONE(星港城店),美食,蛋糕甜品店,广东省,东莞市,,广东省东莞市莲峰路43号,ef65603020f5c6434f776eba,1,0,113.813859,22.8111,18820603170,life,http://api.map.baidu.com/place/detail?uid=ef65603020f5c6434f776eba&output=html&source=placeapi_v2,,11:30-23:00,3.6,,,,,,,49,39,,,,,,,113.81399264513,22.811089064168,0
f94194ffe2bb16775e17c31c,欣思甜品屋,美食,蛋糕甜品店,广东省,东莞市,,常荣南街三巷1号105室,,1,0,113.816101,22.808224,,cater,http://api.map.baidu.com/place/detail?uid=f94194ffe2bb16775e17c31c&output=html&source=placeapi_v2,,,,,,,,,,,,,,,,,,,,0
cb790ce1b5415164018972e9,广隆蛋挞王(万科中心店),美食,蛋糕甜品店,广东省,东莞市,,广东省东莞市长安镇荣文路16号D栋,cb790ce1b5415164018972e9,1,0,113.804321,22.806602,18038332727,cater,http://api.map.baidu.com/place/detail?uid=cb790ce1b5415164018972e9&output=html&source=placeapi_v2,14.0,08:00-18:00,3.4,,,,,,,,,,,,,,,113.80422092541,22.80660148966,0
9f8d88e5bc3e3f0c4154d74f,港式甜品,美食,蛋糕甜品店,广东省,东莞市,,东莞市长源街和谐公寓(锦厦沙埔头南一巷)东侧约90米,9f8d88e5bc3e3f0c4154d74f,1,0,113.810547,22.807997,,cater,http://api.map.baidu.com/place/detail?uid=9f8d88e5bc3e3f0c4154d74f&output=html&source=placeapi_v2,,,,,,,,,,,,,,,,,,,,0
6c779be4ea75dc62abf0cd26,鲜甜3滴(宵边店),美食,蛋糕甜品店,广东省,东莞市,,广东省东莞市长安镇霄边下洋小区社前楼1号,6c779be4ea75dc62abf0cd26,1,0,113.825999,22.811773,15217110769,cater,http://api.map.baidu.com/place/detail?uid=6c779be4ea75dc62abf0cd26&output=html&source=placeapi_v2,13.0,11:30-23:30,0,,,,,,,,0,,,,,,,113.82600926985,22.81186451085,0
3f5d72466b1873d15cd4fe7b,约会吧(阳光国际商城霄边大街店),美食,蛋糕甜品店,广东省,东莞市,,东莞市长安镇霄边大街208号阳光国际商城F1,3f5d72466b1873d15cd4fe7b,1,0,113.825649,22.814734,,cater,http://api.map.baidu.com/place/detail?uid=3f5d72466b1873d15cd4fe7b&output=html&source=placeapi_v2,,,,,,,,,,,,,,,,,,113.82505066199,22.813780557565,0
01c1055d7ef68d0ac26c149e,冼氏饼店(石洛店),美食,蛋糕甜品店,广东省,佛山市,顺德区,广东省佛山市顺德区石洛路8号,01c1055d7ef68d0ac26c149e,1,0,113.259625,22.834502,(0757)22210430,life,http://api.map.baidu.com/place/detail?uid=01c1055d7ef68d0ac26c149e&output=html&source=placeapi_v2,20,08:00-22:00,3,,,,,,,13,1,,,,,,,113.25971338476,22.834423146627,0
341c35deed8e91c0e6073834,采蝶轩(石洛店),美食,蛋糕甜品店,广东省,佛山市,顺德区,广东省佛山市顺德区大良街道大良区红岗村委会石洛路住宅小区a地块红岗楼11号铺,341c35deed8e91c0e6073834,1,0,113.258161,22.833483,(0757)22617101,life,http://api.map.baidu.com/place/detail?uid=341c35deed8e91c0e6073834&output=html&source=placeapi_v2,,06:00-22:00,,,,,,,,53,5,,,,,,,113.25817347712,22.833413413591,0
2c0bd6c54e35deb343ab9a14,仁信老铺(华盖路店),美食,蛋糕甜品店,广东省,佛山市,顺德区,大良街道华盖路93号(近步行街),,1,0,113.25967,22.840979,(0757)22223311,cater,http://api.map.baidu.com/place/detail?uid=2c0bd6c54e35deb343ab9a14&output=html&source=placeapi_v2,24.0,09:30-23:00,3.9,,,,,,,37,66,,,,,,,113.26028562424,22.840440663006,0
a5097bfaaf72dc7af03cba6e,采蝶轩(清晖路店),美食,蛋糕甜品店,广东省,佛山市,顺德区,广东省佛山市顺德区大良清晖路68号中环大厦9铺,a5097bfaaf72dc7af03cba6e,1,0,113.262227,22.838565,"(0757)22634088,(0757)83906712",cater,http://api.map.baidu.com/place/detail?uid=a5097bfaaf72dc7af03cba6e&output=html&source=placeapi_v2,11.0,06:00-22:30,3.9,,,,,,,,9,,,,,,,113.26224419076,22.838695781323,0
083a55fab5afe960246e9814,仁信老铺(东乐路店),美食,蛋糕甜品店,广东省,佛山市,顺德区,大良街道东乐路3号德富大厦25号铺(东苑路口),083a55fab5afe960246e9814,1,0,113.26478,22.841324,(0757)22223423,cater,http://api.map.baidu.com/place/detail?uid=083a55fab5afe960246e9814&output=html&source=placeapi_v2,24.0,09:30-24:00,3.8,,,,,,,25,11,,,,,,,113.26472159159,22.841287267102,0
d52831f9abb0e0d92efaa730,民信老铺(东乐路店),美食,蛋糕甜品店,广东省,佛山市,顺德区,广东省佛山市顺德区大良东乐路1号,d52831f9abb0e0d92efaa730,1,0,113.26313,22.841505,(0757)22215444,cater,http://api.map.baidu.com/place/detail?uid=d52831f9abb0e0d92efaa730&output=html&source=placeapi_v2,29.0,08:00-24:00,4.1,,,,,,,,62,,,,,,,113.26314875117,22.841397058402,0
e15f6a3f220c9be997ec849a,民信老铺(凤城食都店),美食,蛋糕甜品店,广东省,佛山市,顺德区,广东省佛山市顺德区滨河路1号,e15f6a3f220c9be997ec849a,1,0,113.271504,22.82286,(0757)22615444,cater,http://api.map.baidu.com/place/detail?uid=e15f6a3f220c9be997ec849a&output=html&source=placeapi_v2,29.0,09:00-23:00,4.0,,,,,,,,19,,,,,,,113.27160323432,22.822855012189,0
da59c4292869a1d62b201aa0,Fans饮品美食(清晖店),美食,蛋糕甜品店,广东省,佛山市,顺德区,佛山市顺德区华盖里直街信发楼东侧约50米,da59c4292869a1d62b201aa0,1,0,113.261791,22.840951,(0757)22222959,cater,http://api.map.baidu.com/place/detail?uid=da59c4292869a1d62b201aa0&output=html&source=placeapi_v2,34.0,10:00-22:00,3.9,,,,,,,,8,,,,,,,,,0
8fde79cce99e4aa695ca0710,明心饼屋,美食,蛋糕甜品店,广东省,佛山市,顺德区,广东省佛山市顺德区大良南国中路15号,8fde79cce99e4aa695ca0710,1,0,113.266437,22.832985,(0757)22628789,cater,http://api.map.baidu.com/place/detail?uid=8fde79cce99e4aa695ca0710&output=html&source=placeapi_v2,24.0,10:00-22:00,3.9,,,,,,,,3,,,,,,,113.26643330286,22.832807641444,0
925c550f6f09f2b25a3ac8f0,鸿峰饼屋,美食,蛋糕甜品店,广东省,佛山市,顺德区,佛山市顺德区东康路昌顺楼首层,925c550f6f09f2b25a3ac8f0,1,0,113.26777,22.837665,(0757)22632491,cater,http://api.map.baidu.com/place/detail?uid=925c550f6f09f2b25a3ac8f0&output=html&source=placeapi_v2,28.0,06:30-18:00,3.6,,,,,,,,1,,,,,,,113.26771499977,22.837585005586,0
2e42e6a6c8fc4c619b68b49e,彭太糖水(新世界店),美食,蛋糕甜品店,广东省,佛山市,顺德区,广东省佛山市顺德区约前直街17号,2e42e6a6c8fc4c619b68b49e,1,0,113.264756,22.843819,13288378189,cater,http://api.map.baidu.com/place/detail?uid=2e42e6a6c8fc4c619b68b49e&output=html&source=placeapi_v2,16.0,13:30-23:00,3.3,,,,,,,,9,,,,,,,113.26475277447,22.843919631901,0
6ee0102042ab61f652e5c514,民信老铺(华盖路店),美食,蛋糕甜品店,广东省,佛山市,顺德区,广东省佛山市顺德区华盖路119号,,1,0,113.259428,22.841358,(0757)22222424,cater,http://api.map.baidu.com/place/detail?uid=6ee0102042ab61f652e5c514&output=html&source=placeapi_v2,31.0,08:00-23:30,4.0,,,,,,,,70,,,,,,,113.25968729797,22.84204107698,0
8cba4bb0a2697ffaad04572e,安娜饼屋(鉴海店),美食,蛋糕甜品店,广东省,佛山市,顺德区,广东省佛山市顺德区鉴海北路94~96号,8cba4bb0a2697ffaad04572e,1,0,113.257136,22.838819,(0757)22309168,cater,http://api.map.baidu.com/place/detail?uid=8cba4bb0a2697ffaad04572e&output=html&source=placeapi_v2,50.0,07:00-23:00,3.5,,,,,,,,18,,,,,,,113.25707101821,22.838715168908,0
da60aee8afac50170b1cc703,给生活加点甜蜜,美食,蛋糕甜品店,广东省,佛山市,顺德区,广东佛山市顺德区东宏路昌裕花园美景阁2楼,da60aee8afac50170b1cc703,1,0,113.269504,22.836184,,cater,http://api.map.baidu.com/place/detail?uid=da60aee8afac50170b1cc703&output=html&source=placeapi_v2,,,,,,,,,,,,,,,,,,,,0
db94bbf550b8eb52a20464e0,糖夏(大良店),美食,蛋糕甜品店,广东省,佛山市,顺德区,广东省佛山市顺德区大良棕景路与桂峰路交界明日华府100号铺,db94bbf550b8eb52a20464e0,1,0,113.280612,22.83974,18029342981,cater,http://api.map.baidu.com/place/detail?uid=db94bbf550b8eb52a20464e0&output=html&source=placeapi_v2,33.0,11:00-23:00,4.1,,,,,,,,116,,,,,,,113.28047969379,22.839865420498,0
4ce80a0b8faaf5607adbd29a,一品坊双皮奶,美食,蛋糕甜品店,广东省,佛山市,顺德区,广东省佛山市顺德区金榜上街31号,,1,0,113.254128,22.843631,15014712496,cater,http://api.map.baidu.com/place/detail?uid=4ce80a0b8faaf5607adbd29a&output=html&source=placeapi_v2,21.0,09:00-20:00,3.5,,,,,,,,7,,,,,,,113.25436651227,22.843994478881,0
41572e00f16deacab45f1e2f,采蝶轩(云良路店),美食,蛋糕甜品店,广东省,佛山市,顺德区,广东省佛山市顺德区大良街道云良路8号东华楼15~17号铺(近东康路),41572e00f16deacab45f1e2f,1,0,113.2663,22.848302,(0757)22306078,cater,http://api.map.baidu.com/place/detail?uid=41572e00f16deacab45f1e2f&output=html&source=placeapi_v2,10.0,06:00-22:30,3.9,,,,,,,,7,,,,,,,113.26629230662,22.848395209453,0
62ab1e3215a5481bfb22133c,禾润记(大良店),美食,蛋糕甜品店,广东省,佛山市,顺德区,广东省佛山市顺德区云良路14号,62ab1e3215a5481bfb22133c,1,0,113.267196,22.849046,17765638117,cater,http://api.map.baidu.com/place/detail?uid=62ab1e3215a5481bfb22133c&output=html&source=placeapi_v2,22.0,11:00-23:30,3.6,,,,,,,,0,,,,,,,113.26721907943,22.849066594199,0
d78a6c0c2354f5aee8e582ba,悦咖啡甜品,美食,蛋糕甜品店,广东省,佛山市,顺德区,广东省佛山市顺德区南屏路名柏轩17号铺,d78a6c0c2354f5aee8e582ba,1,0,113.272016,22.827016,(0757)22668840,cater,http://api.map.baidu.com/place/detail?uid=d78a6c0c2354f5aee8e582ba&output=html&source=placeapi_v2,46.0,09:00-20:00,0,,,,,,,,0,,,,,,,113.27201722919,22.826877929321,0
4ea0c474f16c1f2eb13c817d,美丰雪糕(鸿图路店),美食,蛋糕甜品店,广东省,佛山市,顺德区,广东佛山市顺德区鸿图路20号,4ea0c474f16c1f2eb13c817d,1,0,113.253739,22.84166,,cater,http://api.map.baidu.com/place/detail?uid=4ea0c474f16c1f2eb13c817d&output=html&source=placeapi_v2,,09:30-20:30,4.5,,,,,,,,3,,,,,,,113.25370161707,22.841699526009,0
aec6dfcb4e7ddb3715a19020,小2甜品坊,美食,蛋糕甜品店,广东省,佛山市,顺德区,广东省佛山市顺德区东康三街2号东城西山上筑81号铺,aec6dfcb4e7ddb3715a19020,1,0,113.269682,22.845545,18666555396,cater,http://api.map.baidu.com/place/detail?uid=aec6dfcb4e7ddb3715a19020&output=html&source=placeapi_v2,17.0,11:00-23:30,3.8,,,,,,,,0,,,,,,,113.26968223494,22.845674817519,0
5a696ef883260aed882fb52a,大卡司(东建店),美食,蛋糕甜品店,广东省,佛山市,顺德区,广东省佛山市顺德区建设东街20号,5a696ef883260aed882fb52a,1,0,113.266863,22.841519,(0757)22300090,cater,http://api.map.baidu.com/place/detail?uid=5a696ef883260aed882fb52a&output=html&source=placeapi_v2,15.0,12:00-24:00,0,,,,,,,,2,,,,,,,113.26670769836,22.841607250985,0
c852c32eca0d10ab83288abc,亿寿堂凉茶(同晖路店),美食,蛋糕甜品店,广东省,佛山市,顺德区,广东省佛山市顺德区大良同晖路27号首层之三,c852c32eca0d10ab83288abc,1,0,113.264466,22.827487,13924888168,cater,http://api.map.baidu.com/place/detail?uid=c852c32eca0d10ab83288abc&output=html&source=placeapi_v2,,08:00-22:00,3.6,,,,,,,,1,,,,,,,113.26437015292,22.827439798419,0
dffd631c77f808c238221c2c,安娜饼屋(环城店),美食,蛋糕甜品店,广东省,佛山市,顺德区,顺德区云良路瑞丰楼1号,dffd631c77f808c238221c2c,1,0,113.26439,22.846555,(0757)22212950,cater,http://api.map.baidu.com/place/detail?uid=dffd631c77f808c238221c2c&output=html&source=placeapi_v2,16.0,07:00-23:00,3.4,,,,,,,,19,,,,,,,113.26430949035,22.846538654427,0
26df25d4b40bb9fa9d9d68f3,黄远伟凉茶行,美食,蛋糕甜品店,广东省,佛山市,顺德区,广东省佛山市顺德区保健路29号,26df25d4b40bb9fa9d9d68f3,1,0,113.268202,22.837595,13690390101,cater,http://api.map.baidu.com/place/detail?uid=26df25d4b40bb9fa9d9d68f3&output=html&source=placeapi_v2,,09:00-23:00,3.5,,,,,,,,5,,,,,,,,,0
af1ae56bac4e9a6c4207c132,冼氏饼店(碧溪店),美食,蛋糕甜品店,广东省,佛山市,顺德区,广东省佛山市顺德区碧溪路5号明日嘉园16号铺,af1ae56bac4e9a6c4207c132,1,0,113.274662,22.837261,(0757)22256723,life,http://api.map.baidu.com/place/detail?uid=af1ae56bac4e9a6c4207c132&output=html&source=placeapi_v2,20,06:30-22:30,1.5,,,,,,,90,1,,,,,,,,,0
49d95938b95c423dc61e5137,华永丰(大良天天店),美食,蛋糕甜品店,广东省,佛山市,顺德区,广东省佛山市顺德区南屏路3号,49d95938b95c423dc61e5137,1,0,113.277697,22.82702,(0757)29282098,cater,http://api.map.baidu.com/place/detail?uid=49d95938b95c423dc61e5137&output=html&source=placeapi_v2,11.0,06:30-22:30,4.4,,,,,,,,145,,,,,,,113.27781399914,22.826915070552,0
693184fc4ef41048e315f971,快乐甜品(永旺),美食,蛋糕甜品店,广东省,佛山市,顺德区,佛山市顺德区南国东路30号永旺F3层,693184fc4ef41048e315f971,1,0,113.278645,22.832519,,cater,http://api.map.baidu.com/place/detail?uid=693184fc4ef41048e315f971&output=html&source=placeapi_v2,,,,,,,,,,,,,,,,,,,,0
bdadebc28182b18038e4a63d,咕噜茶果乐(钟楼店),美食,蛋糕甜品店,广东省,佛山市,顺德区,广东佛山市顺德区凤山东路8号百福楼1号1号铺,bdadebc28182b18038e4a63d,1,0,113.262273,22.845074,(0757)22206560,cater,http://api.map.baidu.com/place/detail?uid=bdadebc28182b18038e4a63d&output=html&source=placeapi_v2,8.0,10:00-24:00,3.5,,,,,,,,8,,,,,,,113.26218474359,22.845043987834,0
e9ed762db85497171811d54e,味感蛋糕屋,美食,蛋糕甜品店,广东省,佛山市,顺德区,广东省佛山市顺德区桂峰路逸翠庭11号铺,e9ed762db85497171811d54e,1,0,113.280946,22.83462,"13060761196,18666380248",cater,http://api.map.baidu.com/place/detail?uid=e9ed762db85497171811d54e&output=html&source=placeapi_v2,20.0,09:00-22:00,3.9,,,,,,,,3,,,,,,,,,0
40b64c58871300d4eb12e460,边度冰室(顺德印象城店),美食,蛋糕甜品店,广东省,佛山市,顺德区,佛山市顺德区大良镇东乐路268号顺德印象城B1,40b64c58871300d4eb12e460,1,0,113.276231,22.84041,13928280816,cater,http://api.map.baidu.com/place/detail?uid=40b64c58871300d4eb12e460&output=html&source=placeapi_v2,,,4.2,,,,,,,,10,,,,,,,,,0
e3e2cd9d097842fac7f50d17,梁氏安娜饼屋(蓬莱店),美食,蛋糕甜品店,广东省,佛山市,顺德区,广东省佛山市顺德区新基路12号首层之一、2、3楼,e3e2cd9d097842fac7f50d17,1,0,113.255078,22.851734,15622365825,cater,http://api.map.baidu.com/place/detail?uid=e3e2cd9d097842fac7f50d17&output=html&source=placeapi_v2,11.0,07:00-23:00,3.4,,,,,,,,6,,,,,,,113.25515092162,22.851658242275,0
d15da4aecdaef851260bd09c,优茶创品(顺德印象城店),美食,蛋糕甜品店,广东省,佛山市,顺德区,广东省佛山市顺德区大良街道府又社区东乐路268号顺德印象城F1,d15da4aecdaef851260bd09c,1,0,113.276298,22.840731,,cater,http://api.map.baidu.com/place/detail?uid=d15da4aecdaef851260bd09c&output=html&source=placeapi_v2,,,3.7,,,,,,,,16,,,,,,,,,0
5b16c7605b1292ec6ca3cc7c,乐享缤纷(绿田路店),美食,蛋糕甜品店,广东省,佛山市,顺德区,广东省佛山市顺德区永安一街新天地负1楼,5b16c7605b1292ec6ca3cc7c,1,0,113.258195,22.852637,,cater,http://api.map.baidu.com/place/detail?uid=5b16c7605b1292ec6ca3cc7c&output=html&source=placeapi_v2,,,,,,,,,,,,,,,,,,,,0
300336cca2254824b23c8199,雪朵拉(顺德华侨城·欢乐海岸店),美食,蛋糕甜品店,广东省,佛山市,顺德区,佛山市顺德区欢乐海岸PLUS曲水湾风情商业街9栋底商,,1,0,113.311884,22.824136,,cater,http://api.map.baidu.com/place/detail?uid=300336cca2254824b23c8199&output=html&source=placeapi_v2,,,3.5,,,,,,,,,,,,,,,,,0
9094a2ec01dcca90246e98ac,心之恋面包屋,美食,蛋糕甜品店,广东省,广州市,南沙区,广东省广州市南沙区民生路143-2号,,1,0,113.343328,22.832457,(020)34870268,cater,http://api.map.baidu.com/place/detail?uid=9094a2ec01dcca90246e98ac&output=html&source=placeapi_v2,,,0,,,,,,,,2,,,,,,,113.34316832287,22.832500322043,0
d6c5d9916455eef131169bb5,皇冠·玛莉奥(广场店),美食,蛋糕甜品店,广东省,广州市,南沙区,广东省广州市南沙区广场路151号,d6c5d9916455eef131169bb5,1,0,113.349942,22.839741,(020)84921135,cater,http://api.map.baidu.com/place/detail?uid=d6c5d9916455eef131169bb5&output=html&source=placeapi_v2,17.0,06:30-22:00,3.8,,,,,,,,16,,,,,,,113.34986813599,22.839748613912,0
2299137ddebba164b64f54a4,蛋糕派对甜品台设计,美食,蛋糕甜品店,广东省,广州市,南沙区,广州市南沙区蔡源街东五巷榄核镇蔡源小区,,1,0,113.349045,22.836273,,cater,http://api.map.baidu.com/place/detail?uid=2299137ddebba164b64f54a4&output=html&source=placeapi_v2,,,,,,,,,,,,,,,,,,,,0
41ae83578754c5ef02ff2d7f,一旧糖烘焙,美食,蛋糕甜品店,广东省,广州市,南沙区,广东省广州市南沙区广场路240号,,1,0,113.349037,22.836241,15920420839,cater,http://api.map.baidu.com/place/detail?uid=41ae83578754c5ef02ff2d7f&output=html&source=placeapi_v2,,,3.5,,,,,,,,,,,,,,,113.34927270676,22.836229719798,0
cdb1fcde6e72f512f60e777a,记忆里的甜品,美食,蛋糕甜品店,广东省,广州市,南沙区,广东省广州市南沙区广场路226号,,1,0,113.34951,22.835505,"13310885207,13538858082",cater,http://api.map.baidu.com/place/detail?uid=cdb1fcde6e72f512f60e777a&output=html&source=placeapi_v2,,11:00-23:30,3.5,,,,,,,,0,,,,,,,113.34949122766,22.835376397684,0
81fff6e82396b54a06026f4b,鸿沥蛋糕店,美食,蛋糕甜品店,广东省,广州市,南沙区,广东省广州市南沙区镇南路96号,,1,0,113.350809,22.843488,13352844086,cater,http://api.map.baidu.com/place/detail?uid=81fff6e82396b54a06026f4b&output=html&source=placeapi_v2,,,,,,,,,,,,,,,,,,,,0
60433f88f3c77c0c8d7727e0,燕记甜品,美食,蛋糕甜品店,广东省,广州市,南沙区,广东省广州市南沙区镇南路15号,60433f88f3c77c0c8d7727e0,1,0,113.346986,22.844166,18922751760,cater,http://api.map.baidu.com/place/detail?uid=60433f88f3c77c0c8d7727e0&output=html&source=placeapi_v2,,11:00-24:00,3.5,,,,,,,,,,,,,,,113.34697308867,22.844082529876,0
fa7da3e861f6101c42d63ef1,富佳面包西饼,美食,蛋糕甜品店,广东省,广州市,南沙区,广东省广州市南沙区镇南路48号,fa7da3e861f6101c42d63ef1,1,0,113.347579,22.843868,,cater,http://api.map.baidu.com/place/detail?uid=fa7da3e861f6101c42d63ef1&output=html&source=placeapi_v2,,07:00-21:00,3.5,,,,,,,,6,,,,,,,113.34758995596,22.843973339436,0
659ee05c6d59f4e48bdb731a,伟盛凉茶,美食,蛋糕甜品店,广东省,广州市,南沙区,广东省广州市南沙区镇南路104号,659ee05c6d59f4e48bdb731a,1,0,113.351098,22.843554,,cater,http://api.map.baidu.com/place/detail?uid=659ee05c6d59f4e48bdb731a&output=html&source=placeapi_v2,,,3.5,,,,,,,,2,,,,,,,113.35110452057,22.843612935641,0
9b4c994a48dfe166a20464a4,糖三藏港式甜品(黄阁店),美食,蛋糕甜品店,广东省,广州市,南沙区,广东省广州市南沙区麒龙西路14~16号,9b4c994a48dfe166a20464a4,1,0,113.511137,22.834246,"(020)34970400,13316011123",cater,http://api.map.baidu.com/place/detail?uid=9b4c994a48dfe166a20464a4&output=html&source=placeapi_v2,9.0,13:00-01:00,0,,,,,,,,1,,,,,,,113.51123448266,22.834272599031,0
d5dffd6d3440b4e97adbd2cd,品之源蛋糕,美食,蛋糕甜品店,广东省,广州市,南沙区,广东省广州市南沙区麒龙西路19号,d5dffd6d3440b4e97adbd2cd,1,0,113.511304,22.834448,13710471880,cater,http://api.map.baidu.com/place/detail?uid=d5dffd6d3440b4e97adbd2cd&output=html&source=placeapi_v2,,02:00-22:00,1.7,,,,,,,,3,,,,,,,113.51117824065,22.834378786478,0
92a8f17ad279bf511b11d51f,采蝶轩(黄阁店),美食,蛋糕甜品店,广东省,广州市,南沙区,广东省广州市南沙区麒龙东路118号,92a8f17ad279bf511b11d51f,1,0,113.516937,22.831438,(020)84973969,cater,http://api.map.baidu.com/place/detail?uid=92a8f17ad279bf511b11d51f&output=html&source=placeapi_v2,10.0,06:00-22:00,3.8,,,,,,,,2,,,,,,,113.51690892335,22.831598667589,0
44362d4efa81acbfc42ba1fa,下一站(南京路店),美食,蛋糕甜品店,广东省,广州市,南沙区,广东省广州市南沙区麒岗路3号,,1,0,113.517507,22.832105,13660852612,cater,http://api.map.baidu.com/place/detail?uid=44362d4efa81acbfc42ba1fa&output=html&source=placeapi_v2,,10:00-21:00,3.4,,,,,,,,1,,,,,,,113.51762399321,22.832161433506,0
083a55fa8e46e060256e98af,皇冠·玛莉奥(黄阁店),美食,蛋糕甜品店,广东省,广州市,南沙区,广东广州市南沙区黄梅路101房,083a55fa8e46e060256e98af,1,0,113.5135,22.829154,(020)34970420,cater,http://api.map.baidu.com/place/detail?uid=083a55fa8e46e060256e98af&output=html&source=placeapi_v2,13.0,05:00-23:00,3.7,,,,,,,,68,,,,,,,113.51345067152,22.829174849328,0
c3213d107476c6d78bf15dee,蛋蛋吖雪糕批发店,美食,蛋糕甜品店,广东省,广州市,南沙区,广东省广州市南沙区黄梅路16,,1,0,113.514434,22.831968,,cater,http://api.map.baidu.com/place/detail?uid=c3213d107476c6d78bf15dee&output=html&source=placeapi_v2,,,,,,,,,,,,,,,,,,,,0
e76e90218378431d081cc7f0,王正凉茶行(黄阁分店),美食,蛋糕甜品店,广东省,广州市,南沙区,广东省广州市南沙区黄梅路20号,e76e90218378431d081cc7f0,1,0,113.514411,22.831894,15013025801,cater,http://api.map.baidu.com/place/detail?uid=e76e90218378431d081cc7f0&output=html&source=placeapi_v2,,07:00-23:00,5,,,,,,,,2,,,,,,,113.51448834284,22.831900693541,0
573dff75dd516e85932ca372,蜜蜜赞(沙田店),美食,蛋糕甜品店,广东省,东莞市,,广东省东莞市穗丰年南路20号14室,573dff75dd516e85932ca372,1,0,113.629333,22.851551,13662887322,cater,http://api.map.baidu.com/place/detail?uid=573dff75dd516e85932ca372&output=html&source=placeapi_v2,25.0,12:00-24:00,3.5,,,,,,,,,,,,,,,,,0
3df042391bf55c3003ec0104,新焙蛋糕饮品,美食,蛋糕甜品店,广东省,东莞市,,广东省东莞市振华路45号,3df042391bf55c3003ec0104,1,0,113.674357,22.827704,13532683553,cater,http://api.map.baidu.com/place/detail?uid=3df042391bf55c3003ec0104&output=html&source=placeapi_v2,,10:00-22:00,0,,,,,,,,1,,,,,,,,,0
c6284fb855856a8a2902e1ce,承优蛋糕店,美食,蛋糕甜品店,广东省,东莞市,,广东省东莞市振华路50号,c6284fb855856a8a2902e1ce,1,0,113.674023,22.827467,(0769)85515188,cater,http://api.map.baidu.com/place/detail?uid=c6284fb855856a8a2902e1ce&output=html&source=placeapi_v2,,09:00-18:00,4.0,,,,,,,,1,,,,,,,,,0
2a7a25ec60ad9a7a6d3e1bab,广隆蛋挞王(中心路店),美食,蛋糕甜品店,广东省,东莞市,,东莞市中心路23号(虎门第二市场门口旁边),2a7a25ec60ad9a7a6d3e1bab,1,0,113.673194,22.827039,(0769)85045108,cater,http://api.map.baidu.com/place/detail?uid=2a7a25ec60ad9a7a6d3e1bab&output=html&source=placeapi_v2,11.0,08:00-22:00,3.8,,,,,,,,5,,,,,,,113.67327631735,22.827044425068,0
a7753c78d0c1f7d04e554732,小屋甜心坊,美食,蛋糕甜品店,广东省,东莞市,,东莞市中心路中心新苑,a7753c78d0c1f7d04e554732,1,0,113.672941,22.828288,,cater,http://api.map.baidu.com/place/detail?uid=a7753c78d0c1f7d04e554732&output=html&source=placeapi_v2,,,,,,,,,,,,,,,,,,113.67317153719,22.828360452486,0
f3a26ec074a6b97b0ab93a56,广西容山凉茶(镇口分店),美食,蛋糕甜品店,广东省,东莞市,,虎门镇镇兴大路新天地购物广场西北150米,f3a26ec074a6b97b0ab93a56,1,0,113.673414,22.836983,,cater,http://api.map.baidu.com/place/detail?uid=f3a26ec074a6b97b0ab93a56&output=html&source=placeapi_v2,,,0,,,,,,,,2,,,,,,,,,0
ce9e6ed6a8b35be640024561,玉芙蓉花胶甜品(第一店),美食,蛋糕甜品店,广东省,东莞市,,广东省东莞市沿江路威远公园小区6栋4号铺,,1,0,113.670475,22.820404,13829880763,cater,http://api.map.baidu.com/place/detail?uid=ce9e6ed6a8b35be640024561&output=html&source=placeapi_v2,,"10:00-14:00,17:00-23:00",3.7,,,,,,,,1,,,,,,,113.67058755241,22.820496524878,0
ed479b5e2a64914348cc4aac,化州甜品店,美食,蛋糕甜品店,广东省,东莞市,,广东省东莞市龙眼东三路12号,ed479b5e2a64914348cc4aac,1,0,113.708845,22.844783,15622030767,cater,http://api.map.baidu.com/place/detail?uid=ed479b5e2a64914348cc4aac&output=html&source=placeapi_v2,,09:20-01:10,,,,,,,,,,,,,,,,,,0
dafceb7dd2c75003d5851f52,琪琪甜品屋(龙眼东三路店),美食,蛋糕甜品店,广东省,东莞市,,广东省东莞市龙眼九路44号,dafceb7dd2c75003d5851f52,1,0,113.708716,22.845351,,cater,http://api.map.baidu.com/place/detail?uid=dafceb7dd2c75003d5851f52&output=html&source=placeapi_v2,,,,,,,,,,,,,,,,,,113.70886589796,22.845427389273,0
cc8a36c6efbc6952e9f853e1,爽爽甜品店(龙眼店),美食,蛋糕甜品店,广东省,东莞市,,虎门镇龙眼新村东四路二十三巷19号,cc8a36c6efbc6952e9f853e1,1,0,113.708005,22.844233,13538456691,cater,http://api.map.baidu.com/place/detail?uid=cc8a36c6efbc6952e9f853e1&output=html&source=placeapi_v2,,10:30-23:30,0,,,,,,,,0,,,,,,,,,0
975363413b18b26c1f3894b6,华州爽爽甜品,美食,蛋糕甜品店,广东省,东莞市,,广东省东莞市虎门镇龙眼工业区盛业食街7路日美日盛对面,975363413b18b26c1f3894b6,1,0,113.707332,22.839869,15016847856,cater,http://api.map.baidu.com/place/detail?uid=975363413b18b26c1f3894b6&output=html&source=placeapi_v2,,,,,,,,,,,,,,,,,,113.70721250648,22.839866694474,0
1c5fa35261bd4e813a13fdb5,新怡甜品,美食,蛋糕甜品店,广东省,东莞市,,广东省东莞市西安路15号103室,,1,0,113.711931,22.835007,18718642282,cater,http://api.map.baidu.com/place/detail?uid=1c5fa35261bd4e813a13fdb5&output=html&source=placeapi_v2,,,,,,,,,,,,,,,,,,,,0
10c1341192fe69312cb96d9b,广隆蛋挞王·生日蛋糕（虎门大道店）,美食,蛋糕甜品店,广东省,东莞市,,广东省东莞市虎门大道新城商业大厦A3号铺之151号(新人民医院正门对面),10c1341192fe69312cb96d9b,1,0,113.688464,22.825194,(0769)82883216,cater,http://api.map.baidu.com/place/detail?uid=10c1341192fe69312cb96d9b&output=html&source=placeapi_v2,21.0,06:00-23:30,4.3,,,,,,,,0,,,,,,,113.68838566061,22.825340970526,0
6305f148b7333c0b6cc02c5a,坤记化州糖水,美食,蛋糕甜品店,广东省,东莞市,,广东东莞市东六路七巷47号,6305f148b7333c0b6cc02c5a,1,0,113.706153,22.840384,,cater,http://api.map.baidu.com/place/detail?uid=6305f148b7333c0b6cc02c5a&output=html&source=placeapi_v2,,,,,,,,,,,,,,,,,,113.70597393183,22.840375222701,0
8b1b8c5a3da855c1f02d83ad,手工甜品下午茶小食,美食,蛋糕甜品店,广东省,东莞市,,广东省东莞市凤冈路东莞虎门北栅小学东侧约70米,8b1b8c5a3da855c1f02d83ad,1,0,113.719903,22.839094,,cater,http://api.map.baidu.com/place/detail?uid=8b1b8c5a3da855c1f02d83ad&output=html&source=placeapi_v2,,,,,,,,,,,,,,,,,,,,0
a35b6736224265b75e0d02bb,杏香烘焙坊(社岗店),美食,蛋糕甜品店,广东省,东莞市,,广东省东莞市十三巷1号,a35b6736224265b75e0d02bb,1,0,113.689704,22.843598,,cater,http://api.map.baidu.com/place/detail?uid=a35b6736224265b75e0d02bb&output=html&source=placeapi_v2,10.0,06:30-23:00,3.5,,,,,,,,4,,,,,,,113.68968050692,22.843523197906,0
8ab0dfc44b9bbc16d9ecedb7,果留香美食,美食,蛋糕甜品店,广东省,东莞市,,广东省东莞市北栅商区g座,8ab0dfc44b9bbc16d9ecedb7,1,0,113.716695,22.835201,13809638241,cater,http://api.map.baidu.com/place/detail?uid=8ab0dfc44b9bbc16d9ecedb7&output=html&source=placeapi_v2,,07:30-01:00,3.4,,,,,,,,1,,,,,,,113.71656321736,22.835230706919,0
90fafcb9e0cad9dec71b756f,树先生工作室,美食,蛋糕甜品店,广东省,东莞市,,东莞市官涌北路中联大厦内,90fafcb9e0cad9dec71b756f,1,0,113.694585,22.826941,13620082404,cater,http://api.map.baidu.com/place/detail?uid=90fafcb9e0cad9dec71b756f&output=html&source=placeapi_v2,,10:30-22:00,3.8,,,,,,,1,0,,,,,,,,,0
9f6ac444a54d04b5100daa7a,1拧1柠檬茶(虎门万达店),美食,蛋糕甜品店,广东省,东莞市,,广东省东莞市虎门镇博涌社区连升北路388号万达广场F1,,1,0,113.69096,22.839137,15362646221,cater,http://api.map.baidu.com/place/detail?uid=9f6ac444a54d04b5100daa7a&output=html&source=placeapi_v2,18.0,11:00-22:30,3.6,,,,,,,,1,,,,,,,113.68920688432,22.839876213239,0
e84edc6c6aee44e1e0110305,公园饮品驿站,美食,蛋糕甜品店,广东省,东莞市,,东莞市虎门镇连升中路4号虎门公园游乐场,,1,0,113.691872,22.822695,,cater,http://api.map.baidu.com/place/detail?uid=e84edc6c6aee44e1e0110305&output=html&source=placeapi_v2,,,,,,,,,,,0,,,,,,,,,0
1fa8ff7ceecf43461e5800b3,化州糖水店(大埔路店),美食,蛋糕甜品店,广东省,东莞市,,东莞市大埔路合盛科技园东侧约60米,1fa8ff7ceecf43461e5800b3,1,0,113.739523,22.838761,,life,http://api.map.baidu.com/place/detail?uid=1fa8ff7ceecf43461e5800b3&output=html&source=placeapi_v2,,,,,,,,,,10,,,,,,,,113.73954346859,22.838615603126,0
2ddae0b7e6bc6bc9d618b705,心丝维蛋糕(居崎店),美食,蛋糕甜品店,广东省,东莞市,,广东省东莞市居岐路53号,2ddae0b7e6bc6bc9d618b705,1,0,113.73502,22.829446,(0769)85263075,cater,http://api.map.baidu.com/place/detail?uid=2ddae0b7e6bc6bc9d618b705&output=html&source=placeapi_v2,,10:00-21:00,3.6,,,,,,,,0,,,,,,,113.73502372796,22.829343215458,0
668c54c65f59ae54c7f50d07,显文饼店(树田店),美食,蛋糕甜品店,广东省,东莞市,,虎门镇树安路树田文化广场东,,1,0,113.754105,22.821607,13713280212,cater,http://api.map.baidu.com/place/detail?uid=668c54c65f59ae54c7f50d07&output=html&source=placeapi_v2,,10:00-22:00,,,,,,,,,,,,,,,,,,0
dc7bde567410cd6cf6c59c65,顶东面包花园·生日蛋糕（莲花广场店）,美食,蛋糕甜品店,广东省,东莞市,,东莞市长安镇莲花广场1楼第3号,dc7bde567410cd6cf6c59c65,1,0,113.814917,22.821508,(0769)81882906,cater,http://api.map.baidu.com/place/detail?uid=dc7bde567410cd6cf6c59c65&output=html&source=placeapi_v2,34.0,07:00-23:00,3.8,,,,,,,,3,,,,,,,,,0
e6f3f6888005c98e2806ce8d,法酪芝蛋糕(新桂店),美食,蛋糕甜品店,广东省,佛山市,顺德区,广东佛山市顺德区丹桂路6号翠华轩7号铺,e6f3f6888005c98e2806ce8d,1,0,113.263418,22.854164,18928602190,cater,http://api.map.baidu.com/place/detail?uid=e6f3f6888005c98e2806ce8d&output=html&source=placeapi_v2,6.0,08:00-22:00,3.9,,,,,,,,2,,,,,,,113.26331428821,22.854227030489,0
30f7989daf32b964d618b71b,采蝶轩(新基店),美食,蛋糕甜品店,广东省,佛山市,顺德区,佛山市顺德区绿田新村瀛洲市场首层13号铺,30f7989daf32b964d618b71b,1,0,113.257248,22.853647,(0757)22335830,cater,http://api.map.baidu.com/place/detail?uid=30f7989daf32b964d618b71b&output=html&source=placeapi_v2,15.0,06:00-22:30,3.7,,,,,,,,3,,,,,,,113.25730778639,22.853534520839,0
d71e25d78597bb44db131844,欧麦堡面包蛋糕(新桂店),美食,蛋糕甜品店,广东省,佛山市,顺德区,广东省佛山市顺德区新桂北路225号翠庭轩9号铺,d71e25d78597bb44db131844,1,0,113.263643,22.857469,(0757)28815128,cater,http://api.map.baidu.com/place/detail?uid=d71e25d78597bb44db131844&output=html&source=placeapi_v2,,10:00-21:00,2,,,,,,,,3,,,,,,,113.26356739388,22.857424886188,0
471e3ba667b7f139ad045776,地铁站奶茶店(大良店),美食,蛋糕甜品店,广东省,佛山市,顺德区,广东省佛山市顺德区云景路68号,471e3ba667b7f139ad045776,1,0,113.268361,22.856241,,cater,http://api.map.baidu.com/place/detail?uid=471e3ba667b7f139ad045776&output=html&source=placeapi_v2,12.0,12:30-22:30,3.2,,,,,,,,2,,,,,,,113.26827037985,22.856029272261,0
c14cdb81a762177b25e0a015,何姨葛水(丹桂店),美食,蛋糕甜品店,广东省,佛山市,顺德区,广东省佛山市顺德区大良新桂居委会丹桂路5号翠景轩23~24号铺(机关幼儿园旁),c14cdb81a762177b25e0a015,1,0,113.263532,22.855027,(0757)22276671,cater,http://api.map.baidu.com/place/detail?uid=c14cdb81a762177b25e0a015&output=html&source=placeapi_v2,16.0,08:00-23:00,4.1,,,,,,,,3,,,,,,,113.26360774486,22.855078955146,0
1c1989a35ada23fe35b06c87,阳光烘焙坊(永丰市场店),美食,蛋糕甜品店,广东省,佛山市,顺德区,佛山市顺德区永丰市场6号铺,1c1989a35ada23fe35b06c87,1,0,113.278661,22.863949,18029325559,cater,http://api.map.baidu.com/place/detail?uid=1c1989a35ada23fe35b06c87&output=html&source=placeapi_v2,22.0,06:00-22:00,3.4,,,,,,,,0,,,,,,,113.27868843757,22.864026692729,0
fac30b10e35ca9f831870ac2,君裕蛋糕店,美食,蛋糕甜品店,广东省,佛山市,顺德区,广东省佛山市顺德区新市良路永丰市场11号铺,fac30b10e35ca9f831870ac2,1,0,113.278861,22.863839,13727303515,cater,http://api.map.baidu.com/place/detail?uid=fac30b10e35ca9f831870ac2&output=html&source=placeapi_v2,,10:00-22:00,2.9,,,,,,,,,,,,,,,113.2789068381,22.863923044976,0
3d3b4ad36b4b61e16fc02cb0,健生堂凉茶(年丰苑店),美食,蛋糕甜品店,广东省,佛山市,顺德区,佛山市顺德区永丰工业大道永丰市场东侧约70米,3d3b4ad36b4b61e16fc02cb0,1,0,113.279586,22.863968,,cater,http://api.map.baidu.com/place/detail?uid=3d3b4ad36b4b61e16fc02cb0&output=html&source=placeapi_v2,14.0,,5,,,,,,,10,2,,,,,,,,,0
ec29132f36a4098a09b93a64,珍永西饼屋,美食,蛋糕甜品店,广东省,佛山市,顺德区,广东省佛山市顺德区和桂路91号1层,ec29132f36a4098a09b93a64,1,0,113.26692,22.856408,"18923143324,18923143364",cater,http://api.map.baidu.com/place/detail?uid=ec29132f36a4098a09b93a64&output=html&source=placeapi_v2,,,0,,,,,,,,2,,,,,,,,,0
b5c2e81634b1226d8f1a89a7,冼氏饼店(新基店),美食,蛋糕甜品店,广东省,佛山市,顺德区,广东省佛山市顺德区新基路2号地银桂苑1号铺,b5c2e81634b1226d8f1a89a7,1,0,113.256857,22.853045,(0757)22273195,cater,http://api.map.baidu.com/place/detail?uid=b5c2e81634b1226d8f1a89a7&output=html&source=placeapi_v2,20.0,06:30-22:30,3.4,,,,,,,,3,,,,,,,113.25676615488,22.853093313542,0
5b16c7605b1292ec6ca3cc7c,乐享缤纷(绿田路店),美食,蛋糕甜品店,广东省,佛山市,顺德区,广东省佛山市顺德区永安一街新天地负1楼,5b16c7605b1292ec6ca3cc7c,1,0,113.258195,22.852637,,cater,http://api.map.baidu.com/place/detail?uid=5b16c7605b1292ec6ca3cc7c&output=html&source=placeapi_v2,,,,,,,,,,,,,,,,,,,,0
b463147f292be94722f017d0,LOOK茶,美食,蛋糕甜品店,广东省,佛山市,顺德区,佛山市顺德区建设东路8号长鹿旅游休博园,,1,0,113.296197,22.885153,,cater,http://api.map.baidu.com/place/detail?uid=b463147f292be94722f017d0&output=html&source=placeapi_v2,,,,,,,,,,,,,,,,,,,,0
4dd99e3d58f990d1a8f0cd10,冷饮屋,美食,蛋糕甜品店,广东省,佛山市,顺德区,佛山市顺德区建设东路8号长鹿旅游休博园,,1,0,113.2969,22.884346,,cater,http://api.map.baidu.com/place/detail?uid=4dd99e3d58f990d1a8f0cd10&output=html&source=placeapi_v2,,,,,,,,,,,,,,,,,,,,0
7286b31705caa68b97ec8437,长颈鹿饮料档,美食,蛋糕甜品店,广东省,佛山市,顺德区,佛山市顺德区伦教三洲建设东路8号长鹿休闲度假农庄内长鹿旅游休博园童话动物王国,,1,0,113.297495,22.884002,,cater,http://api.map.baidu.com/place/detail?uid=7286b31705caa68b97ec8437&output=html&source=placeapi_v2,,,,,,,,,,,,,,,,,,,,0
c4c8bb89e0061f0736b06c40,长鹿旅游休博园-饮品店,美食,蛋糕甜品店,广东省,佛山市,顺德区,佛山市顺德区建设东路8号长鹿旅游休博园,,1,0,113.294005,22.883566,,cater,http://api.map.baidu.com/place/detail?uid=c4c8bb89e0061f0736b06c40&output=html&source=placeapi_v2,,,,,,,,,,,,,,,,,,,,0
1dad53aa4562b4e428b97c3d,休闲泡吧,美食,蛋糕甜品店,广东省,广州市,南沙区,广州市南沙区良角大街小乌幼儿园东南侧约70米,1dad53aa4562b4e428b97c3d,1,0,113.436313,22.871297,,cater,http://api.map.baidu.com/place/detail?uid=1dad53aa4562b4e428b97c3d&output=html&source=placeapi_v2,,,,,,,,,,,,,,,,,,113.43641494374,22.871312182026,0
bd18595f8be16a76601c679a,积顺凉茶行(鱼窝头分店),美食,蛋糕甜品店,广东省,广州市,南沙区,广州市南沙区富裕路东深苑北侧约150米,bd18595f8be16a76601c679a,1,0,113.463918,22.857976,,cater,http://api.map.baidu.com/place/detail?uid=bd18595f8be16a76601c679a&output=html&source=placeapi_v2,,,3.5,,,,,,,,,,,,,,,,,0
d5464cf85e5ce42afca77889,品泉居(同乐路店),美食,蛋糕甜品店,广东省,广州市,南沙区,广东省广州市南沙区同乐路22号,d5464cf85e5ce42afca77889,1,0,113.463644,22.856421,13711558168,cater,http://api.map.baidu.com/place/detail?uid=d5464cf85e5ce42afca77889&output=html&source=placeapi_v2,,,0,,,,,,,,2,,,,,,,113.46361170988,22.856505297201,0
840f8a388001f5869a005004,锋记甜品,美食,蛋糕甜品店,广东省,东莞市,,广东省东莞市白濠社区白濠广场西街5号之二,840f8a388001f5869a005004,1,0,113.664705,22.87204,13688953072,cater,http://api.map.baidu.com/place/detail?uid=840f8a388001f5869a005004&output=html&source=placeapi_v2,,12:00-22:00,3.6,,,,,,,,2,,,,,,,113.66484759221,22.87213032317,0
b0761e4e7edcfb0c400245fd,清心糖水店(下汴店),美食,蛋糕甜品店,广东省,东莞市,,广东省东莞市汴康路18号,b0761e4e7edcfb0c400245fd,1,0,113.662297,22.883628,15118287156,cater,http://api.map.baidu.com/place/detail?uid=b0761e4e7edcfb0c400245fd&output=html&source=placeapi_v2,22.0,11:30-00:30,3.5,,,,,,,,,,,,,,,113.66232769793,22.883831918381,0
cf079853beec8f27223bf2da,成记甜品,美食,蛋糕甜品店,广东省,东莞市,,广东省东莞市三巷1号,cf079853beec8f27223bf2da,1,0,113.671438,22.882993,15007650800,cater,http://api.map.baidu.com/place/detail?uid=cf079853beec8f27223bf2da&output=html&source=placeapi_v2,,,,,,,,,,,,,,,,,,113.67137288343,22.882967882181,0
0fb0819f35f7733545572618,甘爵氏甜品,美食,蛋糕甜品店,广东省,东莞市,,广东省东莞市富民路5号,0fb0819f35f7733545572618,1,0,113.670184,22.882311,13650029071,cater,http://api.map.baidu.com/place/detail?uid=0fb0819f35f7733545572618&output=html&source=placeapi_v2,6.0,10:30-22:30,3.5,,,,,,,,3,,,,,,,113.67022311795,22.88213822862,0
e52ee5b18f16c7c688b9886a,真心回味甜品,美食,蛋糕甜品店,广东省,东莞市,,东莞市新联六巷新联综合市场西北侧约80米,,1,0,113.693299,22.863756,13267093012,cater,http://api.map.baidu.com/place/detail?uid=e52ee5b18f16c7c688b9886a&output=html&source=placeapi_v2,,,,,,,,,,,,,,,,,,,,0
2a331da09ada617835b06c68,顶东面包花园61生日蛋糕（丰泰华园店）,美食,蛋糕甜品店,广东省,东莞市,,广东省东莞市新泰路丰泰华园101号,2a331da09ada617835b06c68,1,0,113.694118,22.860462,(0769)85197372,cater,http://api.map.baidu.com/place/detail?uid=2a331da09ada617835b06c68&output=html&source=placeapi_v2,22.0,06:30-23:00,3.8,,,,,,,,4,,,,,,,113.6940615878,22.860500309732,0
a39fbcd6b736f1502efaa702,金冠蛋糕(祥和店),美食,蛋糕甜品店,广东省,佛山市,顺德区,广东省佛山市顺德区祥和路59号,,1,0,113.257018,22.888041,,cater,http://api.map.baidu.com/place/detail?uid=a39fbcd6b736f1502efaa702&output=html&source=placeapi_v2,,09:00-22:00,4,,,,,,,,2,,,,,,,113.25709792695,22.888088392199,0
eab0856701647810f603b8a1,大口九(西海大道店),美食,蛋糕甜品店,广东省,佛山市,顺德区,广东省佛山市顺德区卫星一路1号,,1,0,113.262917,22.920395,,cater,http://api.map.baidu.com/place/detail?uid=eab0856701647810f603b8a1&output=html&source=placeapi_v2,,,5,,,,,,,,2,,,,,,,113.26297388522,22.92024353323,0
20d7f65e802ca2be42d63eaf,月兴餐厅,美食,蛋糕甜品店,广东省,广州市,番禺区,广东省广州市番禺区东安路45号,20d7f65e802ca2be42d63eaf,1,0,113.299005,22.902488,(020)84746968,cater,http://api.map.baidu.com/place/detail?uid=20d7f65e802ca2be42d63eaf&output=html&source=placeapi_v2,,08:00-17:00,0.0,,,,,,,,1,,,,,,,,,0
d991e116205efb4c1e3894f2,沁芳园甜品店(沙湾总店),美食,蛋糕甜品店,广东省,广州市,番禺区,广东省广州市番禺区大巷涌路85号,d991e116205efb4c1e3894f2,1,0,113.344189,22.906982,(020)84732479,cater,http://api.map.baidu.com/place/detail?uid=d991e116205efb4c1e3894f2&output=html&source=placeapi_v2,20.0,10:00-22:30,3.8,,,,,,,45,42,,,,,,,113.34405881222,22.906898592143,0
fc8c2b719de10557081cc783,沙湾牛奶店,美食,蛋糕甜品店,广东省,广州市,番禺区,广东省广州市番禺区安宁中街3号,fc8c2b719de10557081cc783,1,0,113.342663,22.909197,"(020)34732686,(020)84733458",cater,http://api.map.baidu.com/place/detail?uid=fc8c2b719de10557081cc783&output=html&source=placeapi_v2,17.0,09:00-23:00,4.1,,,,,,,,84,,,,,,,113.34281071014,22.909046274398,0
4d3634b11dd72f75c91b95aa,半农甜品,美食,蛋糕甜品店,广东省,广州市,番禺区,广东省广州市番禺区三山巷高第街农荫厅巷5号,4d3634b11dd72f75c91b95aa,1,0,113.343897,22.909174,,cater,http://api.map.baidu.com/place/detail?uid=4d3634b11dd72f75c91b95aa&output=html&source=placeapi_v2,,10:30-18:30,5,,,,,,,,1,,,,,,,,,0
76a411a4f47d79572fb17ed6,欢欢甜品(沙湾店),美食,蛋糕甜品店,广东省,广州市,番禺区,广东广州市番禺区盈科巷3号3楼,76a411a4f47d79572fb17ed6,1,0,113.342978,22.908815,18924084843,cater,http://api.map.baidu.com/place/detail?uid=76a411a4f47d79572fb17ed6&output=html&source=placeapi_v2,,,4,,,,,,,1,1,,,,,,,,,0
55fa2c0b77cfef341de999f2,沁芳园甜品店(沙湾分店),美食,蛋糕甜品店,广东省,广州市,番禺区,广东省广州市番禺区沙湾镇南村中华大道385号,55fa2c0b77cfef341de999f2,1,0,113.3545,22.913581,(020)84734872,cater,http://api.map.baidu.com/place/detail?uid=55fa2c0b77cfef341de999f2&output=html&source=placeapi_v2,22.0,10:30-22:30,3.1,,,,,,,,21,,,,,,,113.35450314718,22.913466649337,0
1eeed5464fede4ebb4147fe7,格仔屋礼饼工场,美食,蛋糕甜品店,广东省,广州市,番禺区,广东省广州市番禺区格仔屋酒家,1eeed5464fede4ebb4147fe7,1,0,113.349643,22.905173,"(020)84738497,18529114637",cater,http://api.map.baidu.com/place/detail?uid=1eeed5464fede4ebb4147fe7&output=html&source=placeapi_v2,47.0,"07:30-14:00,17:00-21:00",4.5,,,,,,,46,13,,,,,,,113.34951321638,22.905102124297,0
8fde79cc1d133ea694ca0796,皇冠蛋糕(沙湾店),美食,蛋糕甜品店,广东省,广州市,番禺区,广东省广州市番禺区中华大道232号,8fde79cc1d133ea694ca0796,1,0,113.349827,22.909796,(020)84739370,cater,http://api.map.baidu.com/place/detail?uid=8fde79cc1d133ea694ca0796&output=html&source=placeapi_v2,12.0,06:00-23:00,3.7,,,,,,,,10,,,,,,,113.34973655938,22.909907737883,0
b6b4b690109f588a9e9d683c,意大利冰淇淋,美食,蛋糕甜品店,广东省,广州市,番禺区,广州市番禺区华光路沙湾古镇内,b6b4b690109f588a9e9d683c,1,0,113.338002,22.909984,,cater,http://api.map.baidu.com/place/detail?uid=b6b4b690109f588a9e9d683c&output=html&source=placeapi_v2,,,,,,,,,,,,,,,,,,,,0
b21f0bb39b1955303586f4e3,燕记甜品沙湾店,美食,蛋糕甜品店,广东省,广州市,番禺区,广东省广州市番禺区中华大道472号,b21f0bb39b1955303586f4e3,1,0,113.355404,22.913808,"13316070312,13392627590",cater,http://api.map.baidu.com/place/detail?uid=b21f0bb39b1955303586f4e3&output=html&source=placeapi_v2,13.0,11:00-23:00,3.6,,,,,,,,1,,,,,,,113.35531027288,22.913902814181,0
d5e99b67164cfc8abea240e7,沙湾小吃姜埋奶,美食,蛋糕甜品店,广东省,广州市,番禺区,广州市番禺区华光路沙湾古镇内,d5e99b67164cfc8abea240e7,1,0,113.338325,22.909967,,cater,http://api.map.baidu.com/place/detail?uid=d5e99b67164cfc8abea240e7&output=html&source=placeapi_v2,,,,,,,,,,,,,,,,,,,,0
8a8125f1887523b23f9a5e76,熊猫爸爸,美食,蛋糕甜品店,广东省,广州市,番禺区,番禺区经述路京兆小学东南门东北侧约60米,8a8125f1887523b23f9a5e76,1,0,113.343978,22.912262,,cater,http://api.map.baidu.com/place/detail?uid=8a8125f1887523b23f9a5e76&output=html&source=placeapi_v2,,,3.5,,,,,,,,,,,,,,,,,0
fd758643e45d29e3593ac85a,黄振龙凉茶(荷景店),美食,蛋糕甜品店,广东省,广州市,番禺区,广东省广州市番禺区中华大道314号,fd758643e45d29e3593ac85a,1,0,113.352219,22.911521,(020)84741509,cater,http://api.map.baidu.com/place/detail?uid=fd758643e45d29e3593ac85a&output=html&source=placeapi_v2,10.0,08:00-23:00,3.5,,,,,,,,15,,,,,,,113.35216490465,22.911626842087,0
e0d21c90a7eb58b4d8d89199,时令冻饮,美食,蛋糕甜品店,广东省,广州市,番禺区,广州市番禺区华光路沙湾古镇内,e0d21c90a7eb58b4d8d89199,1,0,113.339116,22.909866,,cater,http://api.map.baidu.com/place/detail?uid=e0d21c90a7eb58b4d8d89199&output=html&source=placeapi_v2,,,,,,,,,,,,,,,,,,,,0
3cee70bf3ea64c4a3be4a639,御品香(沙湾古镇店),美食,蛋糕甜品店,广东省,广州市,番禺区,广州市番禺区华光路沙湾古镇内,,1,0,113.342799,22.908668,,cater,http://api.map.baidu.com/place/detail?uid=3cee70bf3ea64c4a3be4a639&output=html&source=placeapi_v2,,,,,,,,,,,,,,,,,,,,0
e5fb9e0c5be8448532f71dd9,阿禾甲台湾手工蛋糕茶饮(沙湾店),美食,蛋糕甜品店,广东省,广州市,番禺区,广东省广州市番禺区中华大道434号,e5fb9e0c5be8448532f71dd9,1,0,113.354171,22.912939,13609792973,cater,http://api.map.baidu.com/place/detail?uid=e5fb9e0c5be8448532f71dd9&output=html&source=placeapi_v2,27.0,10:00-22:00,3.6,,,,,,,,3,,,,,,,113.35404800003,22.912996007089,0
7c03b0b7e6b17a403617dc53,诗小姐甜品设计,美食,蛋糕甜品店,广东省,广州市,番禺区,广州市番禺区桥南街奥林匹克花园,7c03b0b7e6b17a403617dc53,1,0,113.37141,22.916026,15915868355,cater,http://api.map.baidu.com/place/detail?uid=7c03b0b7e6b17a403617dc53&output=html&source=placeapi_v2,,09:00-20:00,0,,,,,,,1,0,,,,,,,,,0
2185085feae70b44b21e3612,心曼语(桥南店),美食,蛋糕甜品店,广东省,广州市,番禺区,广东省广州市番禺区南城路573~575号,2185085feae70b44b21e3612,1,0,113.36862,22.917952,(020)34772685,cater,http://api.map.baidu.com/place/detail?uid=2185085feae70b44b21e3612&output=html&source=placeapi_v2,56.0,12:00-21:00,4.3,,,,,,,,0,,,,,,,113.36851023725,22.917927825645,0
d305db1f3701f03e932ca3cc,大同饼屋(石基店),美食,蛋糕甜品店,广东省,广州市,南沙区,广东广州市南沙区石基大道4-1号,d305db1f3701f03e932ca3cc,1,0,113.433016,22.901014,18078860313,cater,http://api.map.baidu.com/place/detail?uid=d305db1f3701f03e932ca3cc&output=html&source=placeapi_v2,,,0,,,,,,,,2,,,,,,,113.43308914007,22.901047852037,0
19b8cb03df49744ba6da39d2,花师奶甜品店,美食,蛋糕甜品店,广东省,广州市,南沙区,广东省广州市南沙区东发二路20号,19b8cb03df49744ba6da39d2,1,0,113.459721,22.89339,13312889908,cater,http://api.map.baidu.com/place/detail?uid=19b8cb03df49744ba6da39d2&output=html&source=placeapi_v2,,13:00-22:30,3.5,,,,,,,,,,,,,,,113.45979513316,22.893524528961,0
aac574aeb53e95cd283a9f6b,波波甜品美食,美食,蛋糕甜品店,广东省,广州市,南沙区,广东省广州市南沙区东兴三路13-2号,aac574aeb53e95cd283a9f6b,1,0,113.465144,22.889048,18922787771,cater,http://api.map.baidu.com/place/detail?uid=aac574aeb53e95cd283a9f6b&output=html&source=placeapi_v2,14.0,11:00-23:00,0,,,,,,,,0,,,,,,,113.46521576192,22.889172162809,0
479b6f71a138eacca2d23024,广隆蛋挞王(东涌店),美食,蛋糕甜品店,广东省,广州市,南沙区,广东省广州市南沙区东涌镇东兴二路145号,479b6f71a138eacca2d23024,1,0,113.464198,22.891152,13925123001,cater,http://api.map.baidu.com/place/detail?uid=479b6f71a138eacca2d23024&output=html&source=placeapi_v2,7.0,06:00-22:00,3.5,,,,,,,,3,,,,,,,113.4642633371,22.891264795738,0
60c8689b72dfcdb131870a8c,田麦蛋糕(东涌店),美食,蛋糕甜品店,广东省,广州市,南沙区,广东省广州市南沙区和乐一路62号,60c8689b72dfcdb131870a8c,1,0,113.459322,22.889552,13610063691,cater,http://api.map.baidu.com/place/detail?uid=60c8689b72dfcdb131870a8c&output=html&source=placeapi_v2,9.0,06:00-22:00,0.0,,,,,,,,,,,,,,,113.45924013037,22.889478823476,0
03966f90349ad8edbea24040,燕记甜品(东涌店),美食,蛋糕甜品店,广东省,广州市,南沙区,广东省广州市南沙区东涌镇东兴三路82号101铺,03966f90349ad8edbea24040,1,0,113.464928,22.889412,18026251375,cater,http://api.map.baidu.com/place/detail?uid=03966f90349ad8edbea24040&output=html&source=placeapi_v2,,10:00-24:00,3.7,,,,,,,,1,,,,,,,113.46488425934,22.889336416924,0
b672331202dea9e39fec2b9c,维坊蛋糕店,美食,蛋糕甜品店,广东省,广州市,南沙区,广东省广州市南沙区东发二路81号二区,b672331202dea9e39fec2b9c,1,0,113.462152,22.892424,(020)34909989,cater,http://api.map.baidu.com/place/detail?uid=b672331202dea9e39fec2b9c&output=html&source=placeapi_v2,,06:00-22:30,3.4,,,,,,,,2,,,,,,,,,0
ea6530f440c37640f60e7758,皇冠·玛莉奥(东发店),美食,蛋糕甜品店,广东省,广州市,南沙区,广东广州市南沙区东兴三路1-1号二区3号楼,ea6530f440c37640f60e7758,1,0,113.462043,22.892495,(020)84902498,cater,http://api.map.baidu.com/place/detail?uid=ea6530f440c37640f60e7758&output=html&source=placeapi_v2,10.0,08:00-22:00,3.8,,,,,,,,4,,,,,,,,,0
eeafe6909d0565769cec2b73,立顺凉茶行(东涌分店),美食,蛋糕甜品店,广东省,广州市,南沙区,广东省广州市南沙区东发二路73号,eeafe6909d0565769cec2b73,1,0,113.461976,22.892521,13690783202,cater,http://api.map.baidu.com/place/detail?uid=eeafe6909d0565769cec2b73&output=html&source=placeapi_v2,,07:30-23:00,0,,,,,,,,1,,,,,,,,,0
1552d5b6c0daf43bb21e3660,龙虎凤凉茶(东兴二路店),美食,蛋糕甜品店,广东省,广州市,南沙区,广东省广州市南沙区东兴二路19号,,1,0,113.466731,22.88978,18929560907,cater,http://api.map.baidu.com/place/detail?uid=1552d5b6c0daf43bb21e3660&output=html&source=placeapi_v2,,10:00-22:00,0.0,,,,,,,,,,,,,,,,,0
8c2fde0b66d7ca150aa8d4e7,非常甜品,美食,蛋糕甜品店,广东省,东莞市,,X237(沙田大道),8c2fde0b66d7ca150aa8d4e7,1,0,113.6253,22.912308,,cater,http://api.map.baidu.com/place/detail?uid=8c2fde0b66d7ca150aa8d4e7&output=html&source=placeapi_v2,,,,,,,,,,,,,,,,,,113.62557169995,22.912298729525,0
f01622cf68497ef522f017db,杏林春凉茶(沙田二店),美食,蛋糕甜品店,广东省,东莞市,,沙田镇横流区沙田大道6号,f01622cf68497ef522f017db,1,0,113.625189,22.915749,15876412603,cater,http://api.map.baidu.com/place/detail?uid=f01622cf68497ef522f017db&output=html&source=placeapi_v2,18.0,08:00-21:30,3.5,,,,,,,,4,,,,,,,113.6251696714,22.915858094941,0
d030aab5314a3b0fefdfca5e,聚鲜果汇(沙田店),美食,蛋糕甜品店,广东省,东莞市,,广东省东莞市东港城A150号铺,d030aab5314a3b0fefdfca5e,1,0,113.625442,22.91112,"(0769)81567896,18824411667",shopping,http://api.map.baidu.com/place/detail?uid=d030aab5314a3b0fefdfca5e&output=html&source=placeapi_v2,,09:00-22:00,3.5,,,,,,,,3,,,,,,,,,0
228511d21a48bf98354aaeab,蒲园美点,美食,蛋糕甜品店,广东省,东莞市,,新民路与民田大街交叉口东50米,228511d21a48bf98354aaeab,1,0,113.61977,22.89559,,cater,http://api.map.baidu.com/place/detail?uid=228511d21a48bf98354aaeab&output=html&source=placeapi_v2,,,,,,,,,,7,,,,,,,,113.61969905553,22.895626271389,0
3e2c670b4a25ef6bbd484207,广隆蛋挞王(溪头店),美食,蛋糕甜品店,广东省,东莞市,,广东省东莞市溪头西路5号,3e2c670b4a25ef6bbd484207,1,0,113.665233,22.897538,"13712006969,13713284489",cater,http://api.map.baidu.com/place/detail?uid=3e2c670b4a25ef6bbd484207&output=html&source=placeapi_v2,14.0,09:00-22:00,3.5,,,,,,,,1,,,,,,,113.66523600424,22.897570852765,0
a6c402c08d740aaa43e192f9,常兴甜品,美食,蛋糕甜品店,广东省,东莞市,,广东省东莞市合益商业街阳光诊南区c107号,a6c402c08d740aaa43e192f9,1,0,113.669525,22.897246,18028241830,cater,http://api.map.baidu.com/place/detail?uid=a6c402c08d740aaa43e192f9&output=html&source=placeapi_v2,,08:00-22:00,,,,,,,,,,,,,,,,,,0
4c9569f5d175fcd70e3ddab0,严氏鲜奶鲜果炒冰,美食,蛋糕甜品店,广东省,东莞市,,东莞市桥南路大汇购物广场,4c9569f5d175fcd70e3ddab0,1,0,113.675325,22.915344,13622618477,cater,http://api.map.baidu.com/place/detail?uid=4c9569f5d175fcd70e3ddab0&output=html&source=placeapi_v2,,,,,,,,,,,,,,,,,,,,0
fd007c5e54d86f75a8f72925,香贝坊(新塘店),美食,蛋糕甜品店,广东省,东莞市,,东莞市新塘一路厚街新塘市场北侧约30米,fd007c5e54d86f75a8f72925,1,0,113.661336,22.916069,,cater,http://api.map.baidu.com/place/detail?uid=fd007c5e54d86f75a8f72925&output=html&source=placeapi_v2,6.0,06:00-23:00,3.4,,,,,,,,2,,,,,,,113.66129651327,22.91601876116,0
84ef2bb9267d6512a4c756f9,凉茶世家,美食,蛋糕甜品店,广东省,东莞市,,广东省东莞市新塘一路137号,84ef2bb9267d6512a4c756f9,1,0,113.662196,22.915456,,cater,http://api.map.baidu.com/place/detail?uid=84ef2bb9267d6512a4c756f9&output=html&source=placeapi_v2,,09:00-22:00,,,,,,,,,,,,,,,,113.66214648545,22.915398817652,0
28e6b966267aeec9a3acc496,茶自然(桥头店),美食,蛋糕甜品店,广东省,东莞市,,厚街镇厚街镇桥头第三工业区大汇购物广场,28e6b966267aeec9a3acc496,1,0,113.675664,22.91516,13729970085,cater,http://api.map.baidu.com/place/detail?uid=28e6b966267aeec9a3acc496&output=html&source=placeapi_v2,8.0,09:00-02:00,,,,,,,,9,,,,,,,,113.67533526232,22.915428174767,0
85c985775044b087c6effb3f,果味斯(赤岭店),美食,蛋糕甜品店,广东省,东莞市,,东莞市厚街镇256省道宝塘村莞太路西9号濠丰百货广场(源丰店)F1,85c985775044b087c6effb3f,1,0,113.666337,22.891115,,cater,http://api.map.baidu.com/place/detail?uid=85c985775044b087c6effb3f&output=html&source=placeapi_v2,,,0,,,,,,,,1,,,,,,,113.66641394147,22.891141249887,0
be69f7c3798761195fd4fe50,甜甜屋(领尚购物广场店),美食,蛋糕甜品店,广东省,东莞市,,东莞市大岭山镇玉屏路32号领尚购物广场F1,,1,0,113.8347,22.911722,"13763101851,19147962123",cater,http://api.map.baidu.com/place/detail?uid=be69f7c3798761195fd4fe50&output=html&source=placeapi_v2,,10:00-22:00,,,,,,,,,,,,,,,,113.83435766402,22.911326971393,0
24d05508e9ffcad212882429,悦心西饼店,美食,蛋糕甜品店,广东省,东莞市,,广东省东莞市凤凰路28号,24d05508e9ffcad212882429,1,0,113.814107,22.919276,(0769)85788855,cater,http://api.map.baidu.com/place/detail?uid=24d05508e9ffcad212882429&output=html&source=placeapi_v2,,06:00-23:30,3.5,,,,,,,,3,,,,,,,113.81399498791,22.919345421551,0
4ac632601335fc5443afe6c5,霞姐糖水甜品小吃,美食,蛋糕甜品店,广东省,佛山市,顺德区,广东省佛山市顺德区民生大街1号,,1,0,113.266927,22.948083,(0757)26632402,cater,http://api.map.baidu.com/place/detail?uid=4ac632601335fc5443afe6c5&output=html&source=placeapi_v2,21.0,11:00-23:00,3.8,,,,,,,,4,,,,,,,113.26698192498,22.948131166082,0
8878faa3df69e06738221cb6,荞可莉蛋糕(蛋糕皇后店),美食,蛋糕甜品店,广东省,佛山市,顺德区,广东省佛山市顺德区坤洲大道坤洲路1号,,1,0,113.271769,22.942811,"13763303927,18122277078",cater,http://api.map.baidu.com/place/detail?uid=8878faa3df69e06738221cb6&output=html&source=placeapi_v2,,,3.5,,,,,,,,0,,,,,,,113.27171507605,22.942921355842,0
0dc3d82dda87437574e5b6e8,绿叶居(西丽店),美食,蛋糕甜品店,广东省,广州市,番禺区,番禺区市桥镇西丽南路140号,0dc3d82dda87437574e5b6e8,1,0,113.360643,22.941186,(020)84603486,cater,http://api.map.baidu.com/place/detail?uid=0dc3d82dda87437574e5b6e8&output=html&source=placeapi_v2,13.0,06:00-24:00,2.2,,,,,,,,8,,,,,,,113.360745986,22.941213332309,0
52b6cb4e1673788d0289724c,广隆蛋挞王(西丽路店),美食,蛋糕甜品店,广东省,广州市,番禺区,广东省广州市番禺区西丽南路135号,52b6cb4e1673788d0289724c,1,0,113.360966,22.940744,"13719336105,15817156551,18520749937",cater,http://api.map.baidu.com/place/detail?uid=52b6cb4e1673788d0289724c&output=html&source=placeapi_v2,13.0,07:00-22:30,4.1,,,,,,,,26,,,,,,,113.36090325953,22.940742974106,0
5b6de3759628ba2f4c3a5904,采蝶轩(沙头店),美食,蛋糕甜品店,广东省,广州市,番禺区,广东省广州市番禺区市桥镇捷进西路56号,5b6de3759628ba2f4c3a5904,1,0,113.35638,22.951068,(020)34517817,life,http://api.map.baidu.com/place/detail?uid=5b6de3759628ba2f4c3a5904&output=html&source=placeapi_v2,,06:00-22:00,,,,,,,,71,2,,,,,,,113.35649877868,22.951048656908,0
881a28e7b8d6f15ef842b291,采蝶轩(西丽店),美食,蛋糕甜品店,广东省,广州市,番禺区,广东省广州市番禺区市桥街道西丽南路136号首层,881a28e7b8d6f15ef842b291,1,0,113.360647,22.941324,(020)84601732,cater,http://api.map.baidu.com/place/detail?uid=881a28e7b8d6f15ef842b291&output=html&source=placeapi_v2,15.0,06:00-22:30,3.9,,,,,,,,18,,,,,,,113.36073099597,22.941317165449,0
4b2f580b1dbe2f8593114cc1,徐其修凉茶(西丽路店),美食,蛋糕甜品店,广东省,广州市,番禺区,西丽南路231号,4b2f580b1dbe2f8593114cc1,1,0,113.361301,22.938758,,cater,http://api.map.baidu.com/place/detail?uid=4b2f580b1dbe2f8593114cc1&output=html&source=placeapi_v2,,10:00-22:00,0.0,,,,,,,,,,,,,,,113.36122800685,22.938741963793,0
cb596331544f08b0c929151b,烘麦田园蛋糕名店(蛋糕名店),美食,蛋糕甜品店,广东省,广州市,番禺区,广东省广州市番禺区小平村大街9号101,cb596331544f08b0c929151b,1,0,113.344771,22.954367,15119805773,cater,http://api.map.baidu.com/place/detail?uid=cb596331544f08b0c929151b&output=html&source=placeapi_v2,,06:00-23:00,3.4,,,,,,,,2,,,,,,,113.34478506438,22.954459976695,0
9fbfeef2466b615cece4a5b5,皇冠蛋糕,美食,蛋糕甜品店,广东省,广州市,番禺区,广东省广州市番禺区西丽南路136~138号,9fbfeef2466b615cece4a5b5,1,0,113.360667,22.941254,(020)84607610,cater,http://api.map.baidu.com/place/detail?uid=9fbfeef2466b615cece4a5b5&output=html&source=placeapi_v2,9.0,06:00-24:00,3.7,,,,,,,,4,,,,,,,113.3607374503,22.941265402816,0
39f6077d2ad91d5858109322,健力凉茶(南阳街店),美食,蛋糕甜品店,广东省,广州市,番禺区,广东省广州市番禺区前大街62号62号之-105室,39f6077d2ad91d5858109322,1,0,113.345097,22.953297,,cater,http://api.map.baidu.com/place/detail?uid=39f6077d2ad91d5858109322&output=html&source=placeapi_v2,,,,,,,,,,,,,,,,,,113.34503574372,22.953352694935,0
08fc93dfa98088889a68b4b5,皇冠·玛莉奥(小平店),美食,蛋糕甜品店,广东省,广州市,番禺区,广东省广州市番禺区沙南路145号,08fc93dfa98088889a68b4b5,1,0,113.346642,22.954015,(020)34511484,cater,http://api.map.baidu.com/place/detail?uid=08fc93dfa98088889a68b4b5&output=html&source=placeapi_v2,10.0,06:30-22:00,3.8,,,,,,,,2,,,,,,,113.34666522051,22.95420087236,0
1cea15a94528fedc06fef580,洞蜜园港式茶餐厅(东沙路店),美食,蛋糕甜品店,广东省,广州市,番禺区,广东省广州市番禺区市桥街东沙路123号首层,1cea15a94528fedc06fef580,1,0,113.381445,22.938949,(020)34613676,cater,http://api.map.baidu.com/place/detail?uid=1cea15a94528fedc06fef580&output=html&source=placeapi_v2,36.0,07:30-22:00,3.9,,,,,,,,128,,,,,,,113.38140676748,22.93900300504,0
669775d0323d1e42fc0eb091,采蝶轩(东城店),美食,蛋糕甜品店,广东省,广州市,番禺区,广东省广州市番禺区德兴路324号,669775d0323d1e42fc0eb091,1,0,113.384599,22.937879,(020)84632464,cater,http://api.map.baidu.com/place/detail?uid=669775d0323d1e42fc0eb091&output=html&source=placeapi_v2,10.0,06:00-22:00,3.7,,,,,,,,115,,,,,,,,,0
bea9127acffb6b69631809fa,赵记甜品(番禺广场店),美食,蛋糕甜品店,广东省,广州市,番禺区,广东省广州市番禺区兴泰路181号,bea9127acffb6b69631809fa,1,0,113.389301,22.93891,13926100447,cater,http://api.map.baidu.com/place/detail?uid=bea9127acffb6b69631809fa&output=html&source=placeapi_v2,,14:00-24:00,3.5,,,,,,,,1,,,,,,,113.38929999205,22.938815480109,0
abbf49804372b92e9f9d68d8,蒂米雪(汇珑新天地店),美食,蛋糕甜品店,广东省,广州市,番禺区,广东省广州市番禺区清河东路203号汇珑新天地F2,abbf49804372b92e9f9d68d8,1,0,113.383942,22.944036,,cater,http://api.map.baidu.com/place/detail?uid=abbf49804372b92e9f9d68d8&output=html&source=placeapi_v2,,10:00-22:00,3.0,,,,,,,,,,,,,,,113.38419856446,22.9440643556,0
f8041edf4a746c7ddb1318d1,夕森云法式甜点,美食,蛋糕甜品店,广东省,广州市,番禺区,广东省广州市番禺区盛泰路226号,f8041edf4a746c7ddb1318d1,1,0,113.388105,22.939498,15814829383,cater,http://api.map.baidu.com/place/detail?uid=f8041edf4a746c7ddb1318d1&output=html&source=placeapi_v2,58.0,13:00-22:00,4.0,,,,,,,,0,,,,,,,113.38803977542,22.939551194021,0
3da907f37ab3fb4ab220a8f6,雪贝尔(东城店),美食,蛋糕甜品店,广东省,广州市,番禺区,广东省广州市番禺区环城东路160号,3da907f37ab3fb4ab220a8f6,1,0,113.377756,22.942538,(020)34621711,cater,http://api.map.baidu.com/place/detail?uid=3da907f37ab3fb4ab220a8f6&output=html&source=placeapi_v2,16.0,07:00-22:00,3.7,,,,,,,,10,,,,,,,113.37766045622,22.942508783121,0
8e15b58ceebd7144c2f1cf9e,化州糖水(沙墟店),美食,蛋糕甜品店,广东省,广州市,番禺区,广东省广州市番禺区云山大街12号,8e15b58ceebd7144c2f1cf9e,1,0,113.386925,22.947631,13533969218,cater,http://api.map.baidu.com/place/detail?uid=8e15b58ceebd7144c2f1cf9e&output=html&source=placeapi_v2,15.0,14:00-02:00,0,,,,,,,,0,,,,,,,113.38688327534,22.947542197447,0
6b29e59a635adcb9b7265517,超润甜品(平康路店),美食,蛋糕甜品店,广东省,广州市,番禺区,广州市番禺区沙圩东大街龙记面食店旁,6b29e59a635adcb9b7265517,1,0,113.384126,22.947026,,cater,http://api.map.baidu.com/place/detail?uid=6b29e59a635adcb9b7265517&output=html&source=placeapi_v2,,,0,,,,,,,,0,,,,,,,113.38407348351,22.947102176613,0
72b115117d0773d959f6beaf,采蝶轩(大北路店),美食,蛋糕甜品店,广东省,广州市,番禺区,广东省广州市番禺区大北路292~294号,72b115117d0773d959f6beaf,1,0,113.373856,22.952557,"(020)84704086,18925362977",life,http://api.map.baidu.com/place/detail?uid=72b115117d0773d959f6beaf&output=html&source=placeapi_v2,,06:30-22:00,,,,,,,,39,63,,,,,,,113.37381863442,22.952470891336,0
d4034eb36bb0cc88c036441b,紫丽轩蛋糕店(云山大街店),美食,蛋糕甜品店,广东省,广州市,番禺区,广东省广州市番禺区云山大街五巷14号,d4034eb36bb0cc88c036441b,1,0,113.386088,22.948057,"13535069545,13928897165",cater,http://api.map.baidu.com/place/detail?uid=d4034eb36bb0cc88c036441b&output=html&source=placeapi_v2,,06:00-24:00,3.5,,,,,,,,1,,,,,,,113.3860713022,22.948102339102,0
55fa2c0b7788ef341de999af,皇冠·玛莉奥(东城店),美食,蛋糕甜品店,广东省,广州市,番禺区,广东省广州市番禺区环城东路168号沙园家电1楼,55fa2c0b7788ef341de999af,1,0,113.377721,22.942702,"(020)84620951,(020)84734981",cater,http://api.map.baidu.com/place/detail?uid=55fa2c0b7788ef341de999af&output=html&source=placeapi_v2,14.0,06:00-23:00,3.8,,,,,,,,4,,,,,,,113.37763176075,22.942683791867,0
d8685437d1d9199095f08cd0,黄振龙凉茶(桥东店),美食,蛋糕甜品店,广东省,广州市,番禺区,广东省广州市番禺区桥东路21号,d8685437d1d9199095f08cd0,1,0,113.373748,22.943045,(020)28888888,cater,http://api.map.baidu.com/place/detail?uid=d8685437d1d9199095f08cd0&output=html&source=placeapi_v2,10.0,08:00-23:00,0,,,,,,,,4,,,,,,,113.37379153973,22.942926945717,0
78bc2e6eff366050d92f28eb,瑞幸咖啡(永旺梦乐城广州番禺广场店),美食,蛋糕甜品店,广东省,广州市,番禺区,广东省广州市番禺区亚运大道1号永旺梦乐城B1,78bc2e6eff366050d92f28eb,1,0,113.393838,22.94245,,cater,http://api.map.baidu.com/place/detail?uid=78bc2e6eff366050d92f28eb&output=html&source=placeapi_v2,21.0,09:00-21:30,3.8,,,,,,,,2,,,,,,,113.39429923648,22.944650434153,0
b923b7a2878363c943ab9adc,赵记传承(繁华店),美食,蛋糕甜品店,广东省,广州市,番禺区,广东省广州市番禺区繁华路81-3号,b923b7a2878363c943ab9adc,1,0,113.367238,22.947809,(020)84888897,cater,http://api.map.baidu.com/place/detail?uid=b923b7a2878363c943ab9adc&output=html&source=placeapi_v2,22.0,12:00-23:00,3.8,,,,,,,,1,,,,,,,113.36723018962,22.947874185217,0
00125f915c9add66f4eafc67,珍惜龟苓膏,美食,蛋糕甜品店,广东省,广州市,番禺区,广东省广州市番禺区大西路70号,00125f915c9add66f4eafc67,1,0,113.36928,22.94175,13556108801,cater,http://api.map.baidu.com/place/detail?uid=00125f915c9add66f4eafc67&output=html&source=placeapi_v2,15.0,10:00-22:00,0,,,,,,,,0,,,,,,,,,0
d700bd411eb10ca19868b4c4,慕心甜品(黄编店),美食,蛋糕甜品店,广东省,广州市,番禺区,广东省广州市番禺区二街东二巷2号,d700bd411eb10ca19868b4c4,1,0,113.379963,22.955988,18688499253,cater,http://api.map.baidu.com/place/detail?uid=d700bd411eb10ca19868b4c4&output=html&source=placeapi_v2,12.0,11:00-02:30,,,,,,,,,,,,,,,,113.37988107373,22.955995646815,0
5d9ac05a32420bdda7c75614,JAJ影院甜品部,美食,蛋糕甜品店,广东省,广州市,番禺区,市桥街繁华路3号三楼,5d9ac05a32420bdda7c75614,1,0,113.371875,22.947671,13926470006,cater,http://api.map.baidu.com/place/detail?uid=5d9ac05a32420bdda7c75614&output=html&source=placeapi_v2,,,,,,,,,,1,,,,,,,,,,0
c9d0428d79d7957e2fb96d68,化州糖水店(番山市场店),美食,蛋糕甜品店,广东省,广州市,番禺区,广东省广州市番禺区繁华路4号,c9d0428d79d7957e2fb96d68,1,0,113.37164,22.948523,,cater,http://api.map.baidu.com/place/detail?uid=c9d0428d79d7957e2fb96d68&output=html&source=placeapi_v2,,06:00-01:00,1.3,,,,,,,,4,,,,,,,113.37165038992,22.948427565169,0
c4c2fe0bb90b66af03897204,光南凉茶甜品店,美食,蛋糕甜品店,广东省,广州市,番禺区,番禺区光南街57号,c4c2fe0bb90b66af03897204,1,0,113.371703,22.941174,,cater,http://api.map.baidu.com/place/detail?uid=c4c2fe0bb90b66af03897204&output=html&source=placeapi_v2,9.0,,3.7,,,,,,,,0,,,,,,,113.37170459277,22.941104061568,0
c8b16ac513bbfd2507fef592,采蝶轩(环城中店),美食,蛋糕甜品店,广东省,广州市,番禺区,广东省广州市番禺区环城中路152号,c8b16ac513bbfd2507fef592,1,0,113.374665,22.946394,(020)84834732,cater,http://api.map.baidu.com/place/detail?uid=c8b16ac513bbfd2507fef592&output=html&source=placeapi_v2,12.0,06:30-22:00,3.8,,,,,,,,72,,,,,,,113.37467916798,22.946246628548,0
2c92e7f52ded89cc49fc8d3b,采蝶轩(光明南店),美食,蛋糕甜品店,广东省,广州市,番禺区,广东省广州市番禺区光明南路71号,2c92e7f52ded89cc49fc8d3b,1,0,113.369604,22.942689,(020)84830381,cater,http://api.map.baidu.com/place/detail?uid=2c92e7f52ded89cc49fc8d3b&output=html&source=placeapi_v2,10.0,06:00-22:00,3.9,,,,,,,,2,,,,,,,113.36971899175,22.942705956293,0
0dc3d82ddab0437574e5b691,采蝶轩(百越店),美食,蛋糕甜品店,广东省,广州市,番禺区,广东省广州市番禺区桥富华西路15~19号百越广场首层,0dc3d82ddab0437574e5b691,1,0,113.369722,22.95267,(020)84664663,cater,http://api.map.baidu.com/place/detail?uid=0dc3d82ddab0437574e5b691&output=html&source=placeapi_v2,14.0,06:00-22:30,4.4,,,,,,,,11,,,,,,,113.36980313603,22.952776379409,0
900e693d4d8f5bfc316212b0,健生堂(南华路店),美食,蛋糕甜品店,广东省,广州市,番禺区,广东省广州市番禺区桥南路194号,900e693d4d8f5bfc316212b0,1,0,113.374228,22.930978,13005169179,cater,http://api.map.baidu.com/place/detail?uid=900e693d4d8f5bfc316212b0&output=html&source=placeapi_v2,14.0,,4,,,,,,,,2,,,,,,,,,0
d81b266ac18cad2c4307c1a9,榴芒记(永旺梦乐城广州番禺广场店),美食,蛋糕甜品店,广东省,广州市,番禺区,广东省广州市番禺区亚运大道1号永旺梦乐城F4,d81b266ac18cad2c4307c1a9,1,0,113.394431,22.942512,,cater,http://api.map.baidu.com/place/detail?uid=d81b266ac18cad2c4307c1a9&output=html&source=placeapi_v2,,,3.4,,,,,,,,0,,,,,,,113.39429923648,22.944650434153,0
fd007c5ed0d1eb6ca8f729ca,大同饼家(三堂店),美食,蛋糕甜品店,广东省,广州市,番禺区,广东省广州市番禺区市桥街三堂路号首二层,fd007c5ed0d1eb6ca8f729ca,1,0,113.367482,22.941872,(020)84817900,cater,http://api.map.baidu.com/place/detail?uid=fd007c5ed0d1eb6ca8f729ca&output=html&source=placeapi_v2,8.0,06:30-23:00,3.6,,,,,,,,5,,,,,,,113.36747948737,22.941835650584,0
e9e84d892183c8482cb96d86,化州糖水(汀沙二大街店),美食,蛋糕甜品店,广东省,广州市,番禺区,广州市番禺区二大街44号,e9e84d892183c8482cb96d86,1,0,113.371371,22.954359,13642698746,cater,http://api.map.baidu.com/place/detail?uid=e9e84d892183c8482cb96d86&output=html&source=placeapi_v2,19.0,10:00-21:00,0,,,,,,,,0,,,,,,,113.37147405105,22.954549061177,0
b9f445ea9dff94b5f03cba27,挞柠(永旺梦乐城广州番禺广场店),美食,蛋糕甜品店,广东省,广州市,番禺区,广东省广州市番禺区亚运大道1号永旺梦乐城B1,b9f445ea9dff94b5f03cba27,1,0,113.394005,22.942351,18520702780,cater,http://api.map.baidu.com/place/detail?uid=b9f445ea9dff94b5f03cba27&output=html&source=placeapi_v2,14.0,09:00-22:00,4.1,,,,,,,,0,,,,,,,113.39429923648,22.944650434153,0
4965ca13d66ebcac14c8f6c9,番禺宾馆饼屋,美食,蛋糕甜品店,广东省,广州市,番禺区,广东省广州市番禺区大北路130号,4965ca13d66ebcac14c8f6c9,1,0,113.372969,22.947726,,cater,http://api.map.baidu.com/place/detail?uid=4965ca13d66ebcac14c8f6c9&output=html&source=placeapi_v2,61.0,07:00-22:00,3.4,,,,,,,,1,,,,,,,113.3727732745,22.947726123919,0
8bd40cf15c6969f2e31103e9,大卡司(光明南路店),美食,蛋糕甜品店,广东省,广州市,番禺区,广东省广州市番禺区光明南路64号,8bd40cf15c6969f2e31103e9,1,0,113.370379,22.941598,15011966840,cater,http://api.map.baidu.com/place/detail?uid=8bd40cf15c6969f2e31103e9&output=html&source=placeapi_v2,17.0,10:30-22:30,4.0,,,,,,,,1,,,,,,,113.37028926124,22.941584841962,0
502f3d7c633240054657267c,步丰城奶茶(大西路店),美食,蛋糕甜品店,广东省,广州市,番禺区,广东省广州市番禺区大西路72号,502f3d7c633240054657267c,1,0,113.369229,22.941722,13544344905,cater,http://api.map.baidu.com/place/detail?uid=502f3d7c633240054657267c&output=html&source=placeapi_v2,15.0,10:00-22:00,3.5,,,,,,,,1,,,,,,,,,0
d5f16f0b068400cc88b988be,悟茶(番禺店),美食,蛋糕甜品店,广东省,广州市,番禺区,广东省广州市番禺区市桥街光明北路34号商业中心1012(新大新百货小南门),d5f16f0b068400cc88b988be,1,0,113.369725,22.946572,18320592300,cater,http://api.map.baidu.com/place/detail?uid=d5f16f0b068400cc88b988be&output=html&source=placeapi_v2,12.0,11:00-23:30,3.3,,,,,,,1,0,,,,,,,113.3690478686,22.946322771703,0
4049ec94cecbf5e828201a49,趣园饼店,美食,蛋糕甜品店,广东省,广州市,番禺区,广东广州市番禺区莲路石岗西村段52、54号,4049ec94cecbf5e828201a49,1,0,113.4004,22.944133,(020)84628297,cater,http://api.map.baidu.com/place/detail?uid=4049ec94cecbf5e828201a49&output=html&source=placeapi_v2,,08:00-21:00,3.5,,,,,,,,1,,,,,,,113.40033693106,22.944176277643,0
a42ca0c0a81f2acf921fc924,乌守道(大润发店),美食,蛋糕甜品店,广东省,广州市,番禺区,广东省广州市番禺区桥南路113号大润发2楼,a42ca0c0a81f2acf921fc924,1,0,113.374931,22.9296,13697403626,cater,http://api.map.baidu.com/place/detail?uid=a42ca0c0a81f2acf921fc924&output=html&source=placeapi_v2,,,,,,,,,,,,,,,,,,113.37463389428,22.929612926874,0
e66d4f6d46d2230bd5b74e6a,健生堂(东怡新区三街店),美食,蛋糕甜品店,广东省,广州市,番禺区,广州市番禺区东怡新区三街东10号,e66d4f6d46d2230bd5b74e6a,1,0,113.398732,22.938794,13809207748,cater,http://api.map.baidu.com/place/detail?uid=e66d4f6d46d2230bd5b74e6a&output=html&source=placeapi_v2,14.0,10:00-21:00,3.4,,,,,,,,0,,,,,,,113.39873059014,22.938874821084,0
5c4287f63f6ac4d1eedfcac8,徐其修凉茶(桥南店),美食,蛋糕甜品店,广东省,广州市,番禺区,广东广州市番禺区建业路78号,5c4287f63f6ac4d1eedfcac8,1,0,113.37639,22.926158,13710293429,cater,http://api.map.baidu.com/place/detail?uid=5c4287f63f6ac4d1eedfcac8&output=html&source=placeapi_v2,11.0,10:00-22:00,3.5,,,,,,,,6,,,,,,,113.37640767936,22.926252248946,0
fd3c5c88178c85bd08f5eb5f,岩芝甜品屋,美食,蛋糕甜品店,广东省,广州市,番禺区,广州市番禺区中和西路康乐幼儿园北侧约90米,,1,0,113.410199,22.952026,15521044366,cater,http://api.map.baidu.com/place/detail?uid=fd3c5c88178c85bd08f5eb5f&output=html&source=placeapi_v2,,,,,,,,,,,,,,,,,,,,0
69e56908e9d8bb768c772776,皇冠·玛莉奥(石岗店),美食,蛋糕甜品店,广东省,广州市,番禺区,广东省广州市番禺区振兴北路8-42号,69e56908e9d8bb768c772776,1,0,113.404654,22.943306,(020)34610020,cater,http://api.map.baidu.com/place/detail?uid=69e56908e9d8bb768c772776&output=html&source=placeapi_v2,11.0,06:00-23:00,3.8,,,,,,,,4,,,,,,,113.40473244772,22.943338366795,0
91c13f93328746e320f017ab,广隆蛋挞王(沙田店),美食,蛋糕甜品店,广东省,东莞市,,广东省东莞市沙田横流大街38号,91c13f93328746e320f017ab,1,0,113.624561,22.926705,(0769)88804382,cater,http://api.map.baidu.com/place/detail?uid=91c13f93328746e320f017ab&output=html&source=placeapi_v2,13.0,08:00-22:00,3.8,,,,,,,,6,,,,,,,113.62443998772,22.926701665535,0
53349ee3416b4d7722026224,乐园面包(沙田店),美食,蛋糕甜品店,广东省,东莞市,,广东省东莞市横流区沙太一路36号,53349ee3416b4d7722026224,1,0,113.624789,22.924093,(0769)88685683,life,http://api.map.baidu.com/place/detail?uid=53349ee3416b4d7722026224&output=html&source=placeapi_v2,,06:00-22:00,3.4,,,,,,,40,5,,,,,,,113.62472795931,22.924038192649,0
f08c1f387a7ba015744ff150,圆鹿鹿(教育路店),美食,蛋糕甜品店,广东省,东莞市,,广东省东莞市教育路20号,f08c1f387a7ba015744ff150,1,0,113.668451,22.941806,"(0769)85990699,13532954101",cater,http://api.map.baidu.com/place/detail?uid=f08c1f387a7ba015744ff150&output=html&source=placeapi_v2,50.0,10:00-21:30,4.5,,,,,,,,42,,,,,,,113.66845199994,22.941777007665,0
645103e2430fbbbbb35c6af0,坚果源·妙味甜品,美食,蛋糕甜品店,广东省,东莞市,,广东省东莞市厚街珊美路23号101室,645103e2430fbbbbb35c6af0,1,0,113.664959,22.941862,13532691931,cater,http://api.map.baidu.com/place/detail?uid=645103e2430fbbbbb35c6af0&output=html&source=placeapi_v2,,12:00-22:30,0,,,,,,,,1,,,,,,,113.66488151851,22.941794648402,0
5ce2637d0eb1be2cae31e520,黑森林蛋糕坊(珊美店),美食,蛋糕甜品店,广东省,东莞市,,广东省东莞市珊美大道北63号,5ce2637d0eb1be2cae31e520,1,0,113.666307,22.9379,18025220419,cater,http://api.map.baidu.com/place/detail?uid=5ce2637d0eb1be2cae31e520&output=html&source=placeapi_v2,42.0,09:00-22:30,3.4,,,,,,,,5,,,,,,,113.6663234336,22.937933166916,0
454cc8fe3ec008054e2fdf55,广隆蛋挞王(康乐南店),美食,蛋糕甜品店,广东省,东莞市,,广东省东莞市康乐南路115号,454cc8fe3ec008054e2fdf55,1,0,113.670334,22.93604,(0769)83785503,cater,http://api.map.baidu.com/place/detail?uid=454cc8fe3ec008054e2fdf55&output=html&source=placeapi_v2,43.0,06:30-23:00,3.7,,,,,,,,0,,,,,,,113.67021200861,22.935980351574,0
698c1dc225283783f82d61c5,佳味港式甜品店,美食,蛋糕甜品店,广东省,东莞市,,广东省东莞市兴隆路36号,698c1dc225283783f82d61c5,1,0,113.672417,22.940197,"18312836983,18925813865",cater,http://api.map.baidu.com/place/detail?uid=698c1dc225283783f82d61c5&output=html&source=placeapi_v2,,11:00-01:00,3.4,,,,,,,,0,,,,,,,113.67239660047,22.940268361853,0
49da664bcb0e2440465726ea,工人糖水店(兴元路店),美食,蛋糕甜品店,广东省,东莞市,,广东省东莞市兴元路20号,49da664bcb0e2440465726ea,1,0,113.657486,22.938365,,cater,http://api.map.baidu.com/place/detail?uid=49da664bcb0e2440465726ea&output=html&source=placeapi_v2,,,,,,,,,,,,,,,,,,,,0
c82a231f64c9617b3be4a6fd,健来福(盛和广场店),美食,蛋糕甜品店,广东省,东莞市,,东莞市厚街镇南环路南端盛和广场F2,c82a231f64c9617b3be4a6fd,1,0,113.661017,22.933155,,cater,http://api.map.baidu.com/place/detail?uid=c82a231f64c9617b3be4a6fd&output=html&source=placeapi_v2,,,,,,,,,,,,,,,,,,113.66038161516,22.933591897443,0
d82d6697568046a6d518b751,顶东面包花园(康乐店),美食,蛋糕甜品店,广东省,东莞市,,广东省东莞市康乐南路160号顶东面包店2楼,d82d6697568046a6d518b751,1,0,113.667627,22.932721,(0769)85756005,cater,http://api.map.baidu.com/place/detail?uid=d82d6697568046a6d518b751&output=html&source=placeapi_v2,30.0,08:00-23:30,3.8,,,,,,,,4,,,,,,,113.66773345255,22.932657224945,0
083a55fa01c07d04246e98d1,亚信双皮奶甜品店(市场南路店),美食,蛋糕甜品店,广东省,东莞市,,广东省东莞市莞城区新市场南路14号,083a55fa01c07d04246e98d1,1,0,113.674075,22.939683,(0769)85811832,life,http://api.map.baidu.com/place/detail?uid=083a55fa01c07d04246e98d1&output=html&source=placeapi_v2,,10:00-23:00,,,,,,,,42,5,,,,,,,113.67426865209,22.939694033133,0
3f9337d60e1790aaf62310ab,广隆蛋挞王(厚街店),美食,蛋糕甜品店,广东省,东莞市,,广东省东莞市新兴路1号,3f9337d60e1790aaf62310ab,1,0,113.663669,22.948018,(0769)85836482,cater,http://api.map.baidu.com/place/detail?uid=3f9337d60e1790aaf62310ab&output=html&source=placeapi_v2,12.0,06:00-22:00,4.0,,,,,,,,4,,,,,,,113.66357948666,22.947851317696,0
c2553e02b165f834a1a93478,正宗化州糖水(雍庭居东南),美食,蛋糕甜品店,广东省,东莞市,,东莞市兴隆路怡华楼公寓东南侧约80米,c2553e02b165f834a1a93478,1,0,113.668661,22.938315,,cater,http://api.map.baidu.com/place/detail?uid=c2553e02b165f834a1a93478&output=html&source=placeapi_v2,,,3.3,,,,,,,,,,,,,,,,,0
7249bdafbe50ac6854bfff08,芙洛拉甜品,美食,蛋糕甜品店,广东省,东莞市,,广东省东莞市新兴横路三巷4号,7249bdafbe50ac6854bfff08,1,0,113.666048,22.948,15625868285,cater,http://api.map.baidu.com/place/detail?uid=7249bdafbe50ac6854bfff08&output=html&source=placeapi_v2,,,,,,,,,,,,,,,,,,113.6660775557,22.948065991535,0
ca7d16e688e001d79222e0f5,享茶(盛和广场店),美食,蛋糕甜品店,广东省,东莞市,,东莞市厚街镇南环路南端盛和广场F1,ca7d16e688e001d79222e0f5,1,0,113.660734,22.933356,(0769)89778660,cater,http://api.map.baidu.com/place/detail?uid=ca7d16e688e001d79222e0f5&output=html&source=placeapi_v2,10.0,10:30-22:30,4.9,,,,,,,,52,,,,,,,113.6606445411,22.932934575144,0
22e11407d13cadadd5b74e25,古高雄木瓜牛奶(康乐南路店),美食,蛋糕甜品店,广东省,东莞市,,广东省东莞市康乐南路147号富康楼b座20号,22e11407d13cadadd5b74e25,1,0,113.668255,22.933133,(0769)85992613,cater,http://api.map.baidu.com/place/detail?uid=22e11407d13cadadd5b74e25&output=html&source=placeapi_v2,18.0,10:00-01:00,3.6,,,,,,,,22,,,,,,,113.66827452622,22.933296464831,0
e63e0331e355e92846e2744b,广隆蛋挞王(康乐北店),美食,蛋糕甜品店,广东省,东莞市,,广东省东莞市康乐北路25号102室(星空网盟对面),e63e0331e355e92846e2744b,1,0,113.676516,22.946145,(0769)82587073,cater,http://api.map.baidu.com/place/detail?uid=e63e0331e355e92846e2744b&output=html&source=placeapi_v2,19.0,06:30-23:00,3.8,,,,,,,,37,,,,,,,113.67657626509,22.946147395643,0
b7021bf8fc683afaf4e73b57,一品轩(中兴店),美食,蛋糕甜品店,广东省,东莞市,,广东省东莞市中兴路44号,b7021bf8fc683afaf4e73b57,1,0,113.674188,22.950979,(0769)85828337,cater,http://api.map.baidu.com/place/detail?uid=b7021bf8fc683afaf4e73b57&output=html&source=placeapi_v2,42.0,09:30-22:00,3.6,,,,,,,,3,,,,,,,113.67427136677,22.950901017025,0
7c6d9a1151e96cbcab175a4b,黎记甜品,美食,蛋糕甜品店,广东省,东莞市,,广东省东莞市禾仓路26号,7c6d9a1151e96cbcab175a4b,1,0,113.65186,22.945263,,cater,http://api.map.baidu.com/place/detail?uid=7c6d9a1151e96cbcab175a4b&output=html&source=placeapi_v2,,,,,,,,,,,,,,,,,,,,0
366d101721939eb5774ff16b,珍姨糖水(新城88店),美食,蛋糕甜品店,广东省,东莞市,,桥头社区康乐南路东逸翠苑新城88商业步行街A区A1-100号商铺,366d101721939eb5774ff16b,1,0,113.664612,22.927188,13763137133,cater,http://api.map.baidu.com/place/detail?uid=366d101721939eb5774ff16b&output=html&source=placeapi_v2,,11:00-22:00,1.0,,,,,,,,,,,,,,,113.66423284671,22.927416361072,0
958c64fd900d20fd1329357b,丰味饼家,美食,蛋糕甜品店,广东省,东莞市,,广东省东莞市厚街镇新房楼A(厚街商业广场西南150米),958c64fd900d20fd1329357b,1,0,113.662574,22.946396,(0769)85893223,cater,http://api.map.baidu.com/place/detail?uid=958c64fd900d20fd1329357b&output=html&source=placeapi_v2,,,3.5,,,,,,,,3,,,,,,,,,0
0ea302fec02e2443f60e7783,果真栈(花香十二院店),美食,蛋糕甜品店,广东省,东莞市,,广东省东莞市厚沙路101号花香十二院君德阁1座101铺,0ea302fec02e2443f60e7783,1,0,113.654125,22.929632,"13546994477,13751222023",life,http://api.map.baidu.com/place/detail?uid=0ea302fec02e2443f60e7783&output=html&source=placeapi_v2,,09:00-21:00,,,,,,,,29,2,,,,,,,113.65410333909,22.929386346915,0
bd658818dbff0862213bf240,新亚洲蛋糕(竹溪店),美食,蛋糕甜品店,广东省,东莞市,,广东省东莞市厚街大道西社保局斜对面(西社保局对面),bd658818dbff0862213bf240,1,0,113.67063,22.950053,(0769)81523816,cater,http://api.map.baidu.com/place/detail?uid=bd658818dbff0862213bf240&output=html&source=placeapi_v2,10.0,06:00-22:00,3.6,,,,,,,,2,,,,,,,113.67078393906,22.950141714828,0
1b811f637fb5bceb45e27486,美味糖水店(板屯路店),美食,蛋糕甜品店,广东省,东莞市,,厚街镇板屯路9号,1b811f637fb5bceb45e27486,1,0,113.665951,22.956297,,cater,http://api.map.baidu.com/place/detail?uid=1b811f637fb5bceb45e27486&output=html&source=placeapi_v2,,,,,,,,,,,,,,,,,,113.66604635576,22.956137598824,0
7a8d3c023d875334eddfcaca,summer烘焙坊,美食,蛋糕甜品店,广东省,东莞市,,广东省东莞市新兴路72号,7a8d3c023d875334eddfcaca,1,0,113.666588,22.947072,"13392336516,13711977772",cater,http://api.map.baidu.com/place/detail?uid=7a8d3c023d875334eddfcaca&output=html&source=placeapi_v2,18.0,11:30-21:00,3.9,,,,,,,,0,,,,,,,,,0
444aa44aa3b0c35294ec843a,顶东面包花园(新城88店),美食,蛋糕甜品店,广东省,东莞市,,广东省东莞市康乐南路东逸翠苑新城8商业步行街A区A-015号,444aa44aa3b0c35294ec843a,1,0,113.66472,22.928058,(0769)85088116,cater,http://api.map.baidu.com/place/detail?uid=444aa44aa3b0c35294ec843a&output=html&source=placeapi_v2,25.0,08:00-23:30,3.7,,,,,,,,1,,,,,,,,,0
6e2942196ddd2b869ee321f4,广隆蛋挞王(萧石街店),美食,蛋糕甜品店,广东省,东莞市,,广东省东莞市厚沙路7号涌口村涌口北社商业街1号之一铺,6e2942196ddd2b869ee321f4,1,0,113.648787,22.92966,13537277913,cater,http://api.map.baidu.com/place/detail?uid=6e2942196ddd2b869ee321f4&output=html&source=placeapi_v2,11.0,06:00-23:00,3.6,,,,,,,,0,,,,,,,113.6487276229,22.9296209528,0
11e2127975b5a62aa4c7569a,杏林春凉茶(康乐南路店),美食,蛋糕甜品店,广东省,东莞市,,广东省东莞市厚街镇珊美村康乐北路金伟大厦底层北边第一个铺面,11e2127975b5a62aa4c7569a,1,0,113.677165,22.947487,(0769)81639513,cater,http://api.map.baidu.com/place/detail?uid=11e2127975b5a62aa4c7569a&output=html&source=placeapi_v2,10.0,10:00-21:00,3.8,,,,,,,,1,,,,,,,113.677276249,22.947441189357,0
41c5fd62092a5dce6e4760a2,顶东面包花园(香榭丽店),美食,蛋糕甜品店,广东省,东莞市,,广东省东莞市厚街体育路14号17室,,1,0,113.677046,22.949702,(0769)85876961,cater,http://api.map.baidu.com/place/detail?uid=41c5fd62092a5dce6e4760a2&output=html&source=placeapi_v2,26.0,06:30-23:30,4.0,,,,,,,,1,,,,,,,113.67703436946,22.94964499111,0
4ec4b75375a0c0d6cac3db5c,杏林春凉茶(濂泉路店),美食,蛋糕甜品店,广东省,东莞市,,广东省东莞市濂泉路32号,4ec4b75375a0c0d6cac3db5c,1,0,113.647363,22.928855,(0769)85993623,cater,http://api.map.baidu.com/place/detail?uid=4ec4b75375a0c0d6cac3db5c&output=html&source=placeapi_v2,11.0,09:30-21:00,3.4,,,,,,,,1,,,,,,,113.64736986467,22.92879505358,0
8a6929d22dc90a624107c179,茶香园(振华路店),美食,蛋糕甜品店,广东省,东莞市,,广东省东莞市振华路20号,8a6929d22dc90a624107c179,1,0,113.671185,22.951477,(0769)85880151,cater,http://api.map.baidu.com/place/detail?uid=8a6929d22dc90a624107c179&output=html&source=placeapi_v2,,,,,,,,,,,,,,,,,,,,0
87100a4a1ef436fe50e5c55e,澳美烘焙蛋糕店(前进路店),美食,蛋糕甜品店,广东省,东莞市,,东莞市厚街镇汀山百悦广场熊大美食城鸿泰公寓,87100a4a1ef436fe50e5c55e,1,0,113.71218,22.935261,15915777050,cater,http://api.map.baidu.com/place/detail?uid=87100a4a1ef436fe50e5c55e&output=html&source=placeapi_v2,,09:00-23:00,,,,,,,,,,,,,,,,113.71214907255,22.935197806631,0
4aac6e24792a700a7ab55c76,徐其修凉茶(钟村生态园店),美食,蛋糕甜品店,广东省,广州市,番禺区,广东省广州市番禺区钟村街骏新路锦绣花园西区倚翠苑1座40号之一,4aac6e24792a700a7ab55c76,1,0,113.316253,22.975066,13126479813,cater,http://api.map.baidu.com/place/detail?uid=4aac6e24792a700a7ab55c76&output=html&source=placeapi_v2,12.0,09:00-22:30,3.5,,,,,,,,1,,,,,,,,,0
b292b3aa10bbd12bbe4842f5,皇冠·玛莉奥(锦绣店),美食,蛋糕甜品店,广东省,广州市,番禺区,广东省广州市番禺区兴宏一街9号锦绣花园西区8座25号,b292b3aa10bbd12bbe4842f5,1,0,113.315462,22.976669,(020)23830815,cater,http://api.map.baidu.com/place/detail?uid=b292b3aa10bbd12bbe4842f5&output=html&source=placeapi_v2,9.0,06:00-23:00,3.9,,,,,,,,4,,,,,,,113.31557700299,22.976805289013,0
3f9337d61071eaaaf6231081,健民牛奶甜品店(解放路),美食,蛋糕甜品店,广东省,广州市,番禺区,广东省广州市番禺区人民路88号,3f9337d61071eaaaf6231081,1,0,113.323814,22.979811,(020)84772428,cater,http://api.map.baidu.com/place/detail?uid=3f9337d61071eaaaf6231081&output=html&source=placeapi_v2,26.0,08:00-01:30,4.2,,,,,,,,9,,,,,,,113.32389853153,22.979803936499,0
1ceff8ca8a59b9ef95ca07c9,化州清凉糖水店,美食,蛋糕甜品店,广东省,广州市,番禺区,广东省广州市番禺区东六街12号,1ceff8ca8a59b9ef95ca07c9,1,0,113.341315,22.957815,13710291289,cater,http://api.map.baidu.com/place/detail?uid=1ceff8ca8a59b9ef95ca07c9&output=html&source=placeapi_v2,,,,,,,,,,,,,,,,,,113.34131397326,22.957773372023,0
a493578df7a0a8a717948e1e,自然之花(金山谷店),美食,蛋糕甜品店,广东省,广州市,番禺区,广东省广州市番禺区东艺路18号,a493578df7a0a8a717948e1e,1,0,113.349742,22.975934,(020)31129039,cater,http://api.map.baidu.com/place/detail?uid=a493578df7a0a8a717948e1e&output=html&source=placeapi_v2,18.0,06:30-23:00,4.1,,,,,,,,27,,,,,,,113.34966847591,22.975939111448,0
72601e70f4c5fc40cc04ef4c,黄振龙凉茶(云市店),美食,蛋糕甜品店,广东省,广州市,番禺区,广东省广州市番禺区人民路86号,72601e70f4c5fc40cc04ef4c,1,0,113.32389,22.979988,(020)23837120,cater,http://api.map.baidu.com/place/detail?uid=72601e70f4c5fc40cc04ef4c&output=html&source=placeapi_v2,10.0,08:00-23:00,3.5,,,,,,,,17,,,,,,,113.32395207773,22.979962441216,0
fffc0b95ea21d9baf33cbafa,越秀甜品(新水坑店),美食,蛋糕甜品店,广东省,广州市,番禺区,广州市番禺区环村北路新水坑商贸广场东南侧约50米,fffc0b95ea21d9baf33cbafa,1,0,113.395862,22.981611,"13035815561,13710388115",cater,http://api.map.baidu.com/place/detail?uid=fffc0b95ea21d9baf33cbafa&output=html&source=placeapi_v2,,12:00-00:00,3.5,,,,,,,,1,,,,,,,113.39588481937,22.981672587499,0
bc37dce8bb03a05d93114c4d,桂香坊(螺山路店),美食,蛋糕甜品店,广东省,广州市,番禺区,广州市番禺区螺山路蔡边市场东侧约110米,bc37dce8bb03a05d93114c4d,1,0,113.385959,22.967885,,cater,http://api.map.baidu.com/place/detail?uid=bc37dce8bb03a05d93114c4d&output=html&source=placeapi_v2,,,,,,,,,,,,,,,,,,113.3859649996,22.967950008163,0
1fc4ac054f60c1e4c61e514f,彩利坊面包店,美食,蛋糕甜品店,广东省,广州市,番禺区,广东省广州市番禺区莲塘坊六巷15号,1fc4ac054f60c1e4c61e514f,1,0,113.40101,22.971626,13016027979,cater,http://api.map.baidu.com/place/detail?uid=1fc4ac054f60c1e4c61e514f&output=html&source=placeapi_v2,,07:00-22:00,3.5,,,,,,,,2,,,,,,,113.40099287644,22.971759917212,0
b788a447a9584988940319b2,佳怡奶茶原料商行,美食,蛋糕甜品店,广东省,广州市,番禺区,广东省广州市番禺区白云路32-4号富都城32-3号,b788a447a9584988940319b2,1,0,113.374013,22.958207,"(020)34804665,13710778813,13798076808",cater,http://api.map.baidu.com/place/detail?uid=b788a447a9584988940319b2&output=html&source=placeapi_v2,,08:30-18:00,0,,,,,,,,2,,,,,,,113.37389520418,22.958295876904,0
eb15590566117e2db23c81f3,化州超润糖水店(颖川南路店),美食,蛋糕甜品店,广东省,广州市,番禺区,广东省广州市番禺区旧水坑新社路3号,eb15590566117e2db23c81f3,1,0,113.405421,22.967921,,cater,http://api.map.baidu.com/place/detail?uid=eb15590566117e2db23c81f3&output=html&source=placeapi_v2,,,0.0,,,,,,,,,,,,,,,,,0
385962400021c54e08f5eb01,荔园甜品屋(南浦店),美食,蛋糕甜品店,广东省,广州市,番禺区,广东省广州市番禺区南荔园直街1号2楼,385962400021c54e08f5eb01,1,0,113.475633,22.966458,,cater,http://api.map.baidu.com/place/detail?uid=385962400021c54e08f5eb01&output=html&source=placeapi_v2,20.0,10:00-22:00,4.7,,,,,,,,18,,,,,,,113.4755111192,22.966344529315,0
fc4f4fcf4f0ee2b3bea2402d,润心甜品(女院店),美食,蛋糕甜品店,广东省,广州市,番禺区,广东省广州市番禺区南荔园直街29号,fc4f4fcf4f0ee2b3bea2402d,1,0,113.476356,22.965484,"13415803957,13592998795",cater,http://api.map.baidu.com/place/detail?uid=fc4f4fcf4f0ee2b3bea2402d&output=html&source=placeapi_v2,,10:00-24:00,,,,,,,,,,,,,,,,113.47630039198,22.965438500066,0
663ea12fdd737270bb17e788,鲜茶道(石基店),美食,蛋糕甜品店,广东省,广州市,番禺区,广州市番禺区南荔西路9号(广东女子职业技术学院宿舍门斜对面),663ea12fdd737270bb17e788,1,0,113.474578,22.964561,15088094777,cater,http://api.map.baidu.com/place/detail?uid=663ea12fdd737270bb17e788&output=html&source=placeapi_v2,8.0,10:00-24:00,0,,,,,,,,0,,,,,,,113.47451130607,22.964549798355,0
203109ba2526cce54f6d46a6,百多乐汉堡(南浦店),美食,蛋糕甜品店,广东省,广州市,番禺区,广东省广州市番禺区直街a7号,203109ba2526cce54f6d46a6,1,0,113.475965,22.965687,13710541381,life,http://api.map.baidu.com/place/detail?uid=203109ba2526cce54f6d46a6&output=html&source=placeapi_v2,,10:30-01:00,3.6,,,,,,,11,13,,,,,,,113.4760307457,22.965733407021,0
e9a00a4fac9a6f26c7f025db,强正凉茶店,美食,蛋糕甜品店,广东省,广州市,番禺区,广州市番禺区兴华路莲花山联营市场西北侧约120米,e9a00a4fac9a6f26c7f025db,1,0,113.50894,22.978891,,cater,http://api.map.baidu.com/place/detail?uid=e9a00a4fac9a6f26c7f025db&output=html&source=placeapi_v2,,,,,,,,,,,,,,,,,,113.50894926531,22.979027052258,0
964d9758fc36480672455ba4,宝芝林凉茶店,美食,蛋糕甜品店,广东省,广州市,番禺区,广东省广州市番禺区沙浦东路61号,964d9758fc36480672455ba4,1,0,113.493777,22.976395,15989238039,cater,http://api.map.baidu.com/place/detail?uid=964d9758fc36480672455ba4&output=html&source=placeapi_v2,,07:00-22:30,4,,,,,,,,5,,,,,,,113.49382799344,22.97633110295,0
74c933fb0173f7239e82eaef,采蝶轩(广州石楼店),美食,蛋糕甜品店,广东省,广州市,番禺区,广东省广州市番禺区石楼镇石一村人民路石一村商业楼10号铺,74c933fb0173f7239e82eaef,1,0,113.492276,22.978781,(020)84656518,cater,http://api.map.baidu.com/place/detail?uid=74c933fb0173f7239e82eaef&output=html&source=placeapi_v2,15.0,06:00-22:00,3.5,,,,,,,,8,,,,,,,113.49244969994,22.978682245,0
02596d02520df1e5b8bd6330,百福堂凉茶(十八分店),美食,蛋糕甜品店,广东省,广州市,番禺区,广东省广州市番禺区沙浦东路41号,02596d02520df1e5b8bd6330,1,0,113.493268,22.97638,13226421268,cater,http://api.map.baidu.com/place/detail?uid=02596d02520df1e5b8bd6330&output=html&source=placeapi_v2,,09:00-22:00,0,,,,,,,,1,,,,,,,113.49328761327,22.976264033793,0
24ec2b66d3dec1e8e115f90d,心美面包店,美食,蛋糕甜品店,广东省,广州市,番禺区,广东省广州市番禺区莲花西路12号,24ec2b66d3dec1e8e115f90d,1,0,113.507885,22.982607,"(020)84863813,13428862633",cater,http://api.map.baidu.com/place/detail?uid=24ec2b66d3dec1e8e115f90d&output=html&source=placeapi_v2,,06:30-21:00,3.5,,,,,,,,1,,,,,,,113.50828749981,22.982769313978,0
5c56edd6ed0bc35aa1d230fa,皇冠蛋糕(莲花山镇殡葬管理监察中队东南),美食,蛋糕甜品店,广东省,广州市,番禺区,广东省广州市番禺区西门南路碧翠楼27号铺,5c56edd6ed0bc35aa1d230fa,1,0,113.508627,22.978124,,cater,http://api.map.baidu.com/place/detail?uid=5c56edd6ed0bc35aa1d230fa&output=html&source=placeapi_v2,12.0,08:00-22:00,4.3,,,,,,,,31,,,,,,,113.50872646039,22.978135459223,0
876ef25846f805955a3ac87b,飘香坊休闲吧(石楼店),美食,蛋糕甜品店,广东省,广州市,番禺区,广东省广州市番禺区东明大街10号,876ef25846f805955a3ac87b,1,0,113.490564,22.974239,13539784862,cater,http://api.map.baidu.com/place/detail?uid=876ef25846f805955a3ac87b&output=html&source=placeapi_v2,9.0,10:00-22:00,3.4,,,,,,,,0,,,,,,,,,0
85757219d1bf6b5d1029353e,金贝轩蛋糕店(赤岭店),美食,蛋糕甜品店,广东省,东莞市,,广东省东莞市赤岭二街1号之6号铺,85757219d1bf6b5d1029353e,1,0,113.701611,22.974205,13538333318,cater,http://api.map.baidu.com/place/detail?uid=85757219d1bf6b5d1029353e&output=html&source=placeapi_v2,7.0,06:00-24:00,3.5,,,,,,,,2,,,,,,,113.70164272936,22.974363874816,0
b697393b679bf407a80dd80d,好利来蛋糕(三屯店),美食,蛋糕甜品店,广东省,东莞市,,东莞市中心大道茂和购物中心东侧约220米,b697393b679bf407a80dd80d,1,0,113.687923,22.965624,13712698838,cater,http://api.map.baidu.com/place/detail?uid=b697393b679bf407a80dd80d&output=html&source=placeapi_v2,26.0,08:30-21:00,,,,,,,,,,,,,,,,113.68792865038,22.965740148158,0
104446f182f1b1f66fc02ce5,杏林春凉茶(蛤地店),美食,蛋糕甜品店,广东省,东莞市,,广东省东莞市蛤地大新路南二街3号,104446f182f1b1f66fc02ce5,1,0,113.730654,22.974458,13650448694,cater,http://api.map.baidu.com/place/detail?uid=104446f182f1b1f66fc02ce5&output=html&source=placeapi_v2,11.0,09:00-22:00,3.7,,,,,,,,1,,,,,,,113.73056923216,22.974526905226,0
6abd75361a2799c34354d7e3,海燕港式甜品店(莞科店),美食,蛋糕甜品店,广东省,东莞市,,广东省东莞市雅园社区雅园综合市场一楼A080号铺,6abd75361a2799c34354d7e3,1,0,113.764365,22.97945,13113357678,cater,http://api.map.baidu.com/place/detail?uid=6abd75361a2799c34354d7e3&output=html&source=placeapi_v2,20.0,07:00-24:00,3.4,,,,,,,,,,,,,,,113.76453938264,22.979407002913,0
8c30a04d3e77498609f5eb77,享茶(牛山店),美食,蛋糕甜品店,广东省,东莞市,,东莞市牛山工业区山湖路万信佳超市1楼,8c30a04d3e77498609f5eb77,1,0,113.778398,22.965556,(0769)33350440,cater,http://api.map.baidu.com/place/detail?uid=8c30a04d3e77498609f5eb77&output=html&source=placeapi_v2,11.0,10:00-23:00,3.4,,,,,,,,11,,,,,,,,,0
26ee330ea698f7e5bea24029,御品港式甜品屋(石壁店),美食,蛋糕甜品店,广东省,广州市,番禺区,广东省广州市番禺区石韦路62号,26ee330ea698f7e5bea24029,1,0,113.276908,23.006101,15915733931,cater,http://api.map.baidu.com/place/detail?uid=26ee330ea698f7e5bea24029&output=html&source=placeapi_v2,,,3.6,,,,,,,,0,,,,,,,,,0
a0a446c0f15c9e8ba1a934b2,皇冠·玛莉奥(谢石店),美食,蛋糕甜品店,广东省,广州市,番禺区,广东省广州市番禺区石壁街石壁一村谢石公路14号之2号铺,a0a446c0f15c9e8ba1a934b2,1,0,113.278704,23.007654,(020)34778033,cater,http://api.map.baidu.com/place/detail?uid=a0a446c0f15c9e8ba1a934b2&output=html&source=placeapi_v2,10.0,06:00-22:30,3.6,,,,,,,,30,,,,,,,113.27864314501,23.007586474966,0
fc767524b55b7d874f776e8b,金冠蛋糕店(谢石路店),美食,蛋糕甜品店,广东省,广州市,番禺区,广东省广州市番禺区谢石公路120号,fc767524b55b7d874f776e8b,1,0,113.278366,23.0078,15920848048,cater,http://api.map.baidu.com/place/detail?uid=fc767524b55b7d874f776e8b&output=html&source=placeapi_v2,,05:30-01:00,5,,,,,,,,6,,,,,,,113.27832425733,23.007741705288,0
23d5dac08b1dfbfeae31e57d,百福堂凉茶(石韦路店),美食,蛋糕甜品店,广东省,广州市,番禺区,广东省广州市番禺区石韦路13号,23d5dac08b1dfbfeae31e57d,1,0,113.277739,23.007678,18148997556,cater,http://api.map.baidu.com/place/detail?uid=23d5dac08b1dfbfeae31e57d&output=html&source=placeapi_v2,,,,,,,,,,,,,,,,,,,,0
db8d5eca53f96be5f13cbaa9,橘州超润甜品(会江店),美食,蛋糕甜品店,广东省,广州市,番禺区,广东省广州市番禺区石中二路9号,db8d5eca53f96be5f13cbaa9,1,0,113.303455,23.015764,(020)85689090,cater,http://api.map.baidu.com/place/detail?uid=db8d5eca53f96be5f13cbaa9&output=html&source=placeapi_v2,20.0,11:00-01:00,3.5,,,,,,,,0,,,,,,,,,0
641d764b71b54b83bd48429e,爽爽甜品(元塘路店),美食,蛋糕甜品店,广东省,广州市,番禺区,广东省广州市番禺区元塘路31号,,1,0,113.313458,23.023264,13316190058,cater,http://api.map.baidu.com/place/detail?uid=641d764b71b54b83bd48429e&output=html&source=placeapi_v2,,10:00-24:00,,,,,,,,,,,,,,,,113.31335268356,23.023392319186,0
a0718757b00fbab9932ca38e,米开朗·意大利手工冰淇淋,美食,蛋糕甜品店,广东省,广州市,番禺区,广州市番禺区大石镇礼村路段G105旁593号广州番禺长隆野生动物世界内,,1,0,113.321077,23.006404,,cater,http://api.map.baidu.com/place/detail?uid=a0718757b00fbab9932ca38e&output=html&source=placeapi_v2,,,3.4,,,,,,,,3,,,,,,,,,0
1545dc4e8fbb9c9c2b3a9fb9,日尝甜心蛋糕甜品,美食,蛋糕甜品店,广东省,广州市,番禺区,番禺区朝阳新区六街4号,,1,0,113.353083,23.001746,13533701279,cater,http://api.map.baidu.com/place/detail?uid=1545dc4e8fbb9c9c2b3a9fb9&output=html&source=placeapi_v2,,10:00-21:00,3.5,,,,,,,,,,,,,,,113.35296468581,23.001691876672,0
7d3bf4cdaa1c87496c476032,化州超润甜品(里仁洞店),美食,蛋糕甜品店,广东省,广州市,番禺区,广东省广州市番禺区新兴大道19号,7d3bf4cdaa1c87496c476032,1,0,113.35196,23.000843,13719300091,cater,http://api.map.baidu.com/place/detail?uid=7d3bf4cdaa1c87496c476032&output=html&source=placeapi_v2,,07:00-01:00,3.5,,,,,,,,13,,,,,,,113.35189335498,23.000958618366,0
e515cc900bf184a696f08c66,化州甜小二天甜品(新兴大道店),美食,蛋糕甜品店,广东省,广州市,番禺区,广东省广州市番禺区新兴大道6号,e515cc900bf184a696f08c66,1,0,113.350886,23.000562,13922903129,cater,http://api.map.baidu.com/place/detail?uid=e515cc900bf184a696f08c66&output=html&source=placeapi_v2,,12:00-02:00,3.5,,,,,,,,0,,,,,,,113.35091573179,23.000496049791,0
43d7ed7a10cb0e3596f08cca,萨窝甜品,美食,蛋糕甜品店,广东省,广州市,番禺区,广东省广州市番禺区九街1号,43d7ed7a10cb0e3596f08cca,1,0,113.352234,23.001245,13719105525,cater,http://api.map.baidu.com/place/detail?uid=43d7ed7a10cb0e3596f08cca&output=html&source=placeapi_v2,,,0,,,,,,,,0,,,,,,,113.35227086338,23.001257165898,0
63fe257962a6ee604afd3f60,岭南甜品,美食,蛋糕甜品店,广东省,广州市,番禺区,广东省广州市番禺区长隆熊猫酒店1楼,,1,0,113.33801,23.011161,,cater,http://api.map.baidu.com/place/detail?uid=63fe257962a6ee604afd3f60&output=html&source=placeapi_v2,,,3.5,,,,,,,,,,,,,,,,,0
db2f6acc2a0fb1223ce23142,鲜果能量吧,美食,蛋糕甜品店,广东省,广州市,番禺区,广州市番禺区番禺大道长隆旅游度假区内,,1,0,113.33801,23.011161,,cater,http://api.map.baidu.com/place/detail?uid=db2f6acc2a0fb1223ce23142&output=html&source=placeapi_v2,,,,,,,,,,,,,,,,,,,,0
fc403a036e26da81deee8be2,化州昌记甜品,美食,蛋糕甜品店,广东省,广州市,番禺区,广州市番禺区南大路福馨公寓东侧约160米,,1,0,113.333372,23.016997,13556681162,cater,http://api.map.baidu.com/place/detail?uid=fc403a036e26da81deee8be2&output=html&source=placeapi_v2,,,,,,,,,,,,,,,,,,,,0
348dbfefa192c67781a12eb9,化州超润甜品,美食,蛋糕甜品店,广东省,广州市,番禺区,广东省广州市番禺区丰路4号2号,348dbfefa192c67781a12eb9,1,0,113.335404,22.994507,,cater,http://api.map.baidu.com/place/detail?uid=348dbfefa192c67781a12eb9&output=html&source=placeapi_v2,,,,,,,,,,,,,,,,,,,,0
c3e4179af26e3ef597ec84e2,伍姨甜品(南村店),美食,蛋糕甜品店,广东省,广州市,番禺区,广东省广州市番禺区里仁洞仁发市场a18号,c3e4179af26e3ef597ec84e2,1,0,113.354587,22.9955,13622220622,cater,http://api.map.baidu.com/place/detail?uid=c3e4179af26e3ef597ec84e2&output=html&source=placeapi_v2,14.0,09:00-22:00,4.5,,,,,,,,4,,,,,,,113.35459353288,22.995456179628,0
200e6f2e5295a6d03310af5d,童趣饼屋,美食,蛋糕甜品店,广东省,广州市,番禺区,广州市番禺区番禺大道长隆旅游度假区内,,1,0,113.338163,23.011135,,cater,http://api.map.baidu.com/place/detail?uid=200e6f2e5295a6d03310af5d&output=html&source=placeapi_v2,,,,,,,,,,,,,,,,,,,,0
fef146790535e0790f0a7048,睿彤甜品,美食,蛋糕甜品店,广东省,广州市,番禺区,广东省广州市番禺区兴业大道870号101铺,fef146790535e0790f0a7048,1,0,113.354345,22.994748,13560349802,cater,http://api.map.baidu.com/place/detail?uid=fef146790535e0790f0a7048&output=html&source=placeapi_v2,,10:30-22:30,3.7,,,,,,,,1,,,,,,,113.35430527743,22.994848055281,0
cb4bc03fb89aea00d0ff2339,雪糕屋(长隆店),美食,蛋糕甜品店,广东省,广州市,番禺区,广州市番禺区广州番禺区迎宾路长隆欢乐世界内,,1,0,113.336195,23.0039,,cater,http://api.map.baidu.com/place/detail?uid=cb4bc03fb89aea00d0ff2339&output=html&source=placeapi_v2,28.0,08:00-22:30,0,,,,,,,,0,,,,,,,113.33429940917,23.004830935001,0
f5bd22400dca9c12147643a6,喜茶(番禺万达GO店),美食,蛋糕甜品店,广东省,广州市,番禺区,广东省广州市番禺区南村镇汉溪大道东385号番禺万达105铺(星巴克旁),f5bd22400dca9c12147643a6,1,0,113.355727,23.012045,(020)85827387,cater,http://api.map.baidu.com/place/detail?uid=f5bd22400dca9c12147643a6&output=html&source=placeapi_v2,29.0,10:00-22:00,4.6,,,,,,,,1,,,,,,,113.35596400214,23.011757517939,0
1602ef630800cff14d554708,黄记玉米汁(万达广场广州番禺店),美食,蛋糕甜品店,广东省,广州市,番禺区,广州市番禺区兴南大道368号万达广场F3,,1,0,113.355181,23.012308,13672720112,cater,http://api.map.baidu.com/place/detail?uid=1602ef630800cff14d554708&output=html&source=placeapi_v2,16.0,10:00-22:00,3.6,,,,,,,,1,,,,,,,113.354987,23.013103008988,0
2eec904ee5bc44d590114cae,鲜芋仙(番禺万达广场店),美食,蛋糕甜品店,广东省,广州市,番禺区,广州市番禺区兴南大道368号万达广场F3,2eec904ee5bc44d590114cae,1,0,113.356544,23.013038,(020)31007818,cater,http://api.map.baidu.com/place/detail?uid=2eec904ee5bc44d590114cae&output=html&source=placeapi_v2,25.0,10:00-22:00,4.3,,,,,,,,1,,,,,,,113.354987,23.013103008988,0
5fbb637a3a4e6563a2d23093,饮顺凉茶行(塘东分店),美食,蛋糕甜品店,广东省,广州市,番禺区,广东省广州市番禺区登云大路9号,5fbb637a3a4e6563a2d23093,1,0,113.351137,23.021402,13924253683,cater,http://api.map.baidu.com/place/detail?uid=5fbb637a3a4e6563a2d23093&output=html&source=placeapi_v2,,,0.0,,,,,,,,,,,,,,,,,0
6554a78006b20184a2a934be,苏安娜蛋糕坊(里仁洞分店),美食,蛋糕甜品店,广东省,广州市,番禺区,广东广州市番禺区市新路813号仁发市a03号,6554a78006b20184a2a934be,1,0,113.355103,22.995707,(020)61955077,cater,http://api.map.baidu.com/place/detail?uid=6554a78006b20184a2a934be&output=html&source=placeapi_v2,,06:00-24:00,0,,,,,,,,1,,,,,,,113.35513442509,22.995636469276,0
e40119e7fc8d5f6bb21e3682,吉姆大师傅(万达广场广州番禺店),美食,蛋糕甜品店,广东省,广州市,番禺区,广州市番禺区兴南大道368号万达广场F1,121eef6253ffb32df32d83bc,1,0,113.355556,23.012852,17728104045,cater,http://api.map.baidu.com/place/detail?uid=e40119e7fc8d5f6bb21e3682&output=html&source=placeapi_v2,28.0,10:00-22:00,0,,,,,,,,0,,,,,,,,,0
7816b1d529348727902ca33e,大卡司(万达广场广州番禺店),美食,蛋糕甜品店,广东省,广州市,番禺区,广州市番禺区兴南大道368号万达广场F3,7816b1d529348727902ca33e,1,0,113.35565,23.012879,18826458226,cater,http://api.map.baidu.com/place/detail?uid=7816b1d529348727902ca33e&output=html&source=placeapi_v2,17.0,10:00-22:00,3.8,,,,,,,,1,,,,,,,113.354987,23.013103008988,0
f55f819617355734d2f49e5d,冰沙屋,美食,蛋糕甜品店,广东省,广州市,番禺区,广州市番禺区新光快速路长隆水上乐园内,f55f819617355734d2f49e5d,1,0,113.330847,23.00517,,cater,http://api.map.baidu.com/place/detail?uid=f55f819617355734d2f49e5d&output=html&source=placeapi_v2,,10:00-21:00,,,,,,,,,,,,,,,,,,0
d05945174c528de0e311032c,冰沙屋,美食,蛋糕甜品店,广东省,广州市,番禺区,广州市番禺区新光快速路长隆水上乐园内,,1,0,113.330527,23.008442,,cater,http://api.map.baidu.com/place/detail?uid=d05945174c528de0e311032c&output=html&source=placeapi_v2,,10:00-21:00,,,,,,,,,,,,,,,,,,0
9f6b49f056ae2128ca1b9504,雪品tea&cake,美食,蛋糕甜品店,广东省,广州市,番禺区,广州市番禺区塘东村登云大路浩顺工业园塘东新佳广场三楼头号玩家游乐场水吧,9f6b49f056ae2128ca1b9504,1,0,113.351435,23.022126,15902095570,cater,http://api.map.baidu.com/place/detail?uid=9f6b49f056ae2128ca1b9504&output=html&source=placeapi_v2,,12:00-23:30,0,,,,,,,,0,,,,,,,,,0
ddd6b46ab61be972be4842b9,冰爽夏日,美食,蛋糕甜品店,广东省,广州市,番禺区,广州市番禺区香江大道593号广州长隆野生动物世界内,,1,0,113.323018,23.006512,,cater,http://api.map.baidu.com/place/detail?uid=ddd6b46ab61be972be4842b9&output=html&source=placeapi_v2,,,,,,,,,,,,,,,,,,,,0
554458a16f030e0307fef519,面包好了(番禺南村店),美食,蛋糕甜品店,广东省,广州市,番禺区,"广州市番禺区南村镇华南碧桂园翠云山苑13座001,002号商铺",554458a16f030e0307fef519,1,0,113.385722,23.009435,19128697507,cater,http://api.map.baidu.com/place/detail?uid=554458a16f030e0307fef519&output=html&source=placeapi_v2,,07:00-22:00,3.5,,,,,,,,,,,,,,,113.38594896665,23.00952319498,0
08fc93df283217919b68b4f0,莎安娜蛋糕坊(南村店),美食,蛋糕甜品店,广东省,广州市,番禺区,广东省广州市番禺区市新路813号,08fc93df283217919b68b4f0,1,0,113.398188,23.013672,(020)61955077,cater,http://api.map.baidu.com/place/detail?uid=08fc93df283217919b68b4f0&output=html&source=placeapi_v2,6.0,06:00-23:00,4.2,,,,,,,,4,,,,,,,113.3982220001,23.013732008968,0
5ee42f280fb9ce9787330420,皇冠·玛莉奥(华碧店),美食,蛋糕甜品店,广东省,广州市,番禺区,广东省广州市番禺区兴宏一街1楼,5ee42f280fb9ce9787330420,1,0,113.367718,22.999062,(020)34828930,cater,http://api.map.baidu.com/place/detail?uid=5ee42f280fb9ce9787330420&output=html&source=placeapi_v2,11.0,06:00-21:30,0,,,,,,,,1,,,,,,,,,0
cc5befb922709ec87ab55c35,东悦轩面包(江南店),美食,蛋糕甜品店,广东省,广州市,番禺区,广东省广州市番禺区南里路75号,cc5befb922709ec87ab55c35,1,0,113.374689,22.998137,(020)34545266,cater,http://api.map.baidu.com/place/detail?uid=cc5befb922709ec87ab55c35&output=html&source=placeapi_v2,10.0,06:00-22:00,0,,,,,,,,1,,,,,,,113.37474635584,22.998245889331,0
e230bc5f86e3507d4657268c,禧典蛋糕店,美食,蛋糕甜品店,广东省,广州市,番禺区,广东省广州市番禺区南村镇板桥村桥西新区二巷3号101,,1,0,113.392212,23.018251,"13066322581,18777410477",cater,http://api.map.baidu.com/place/detail?uid=e230bc5f86e3507d4657268c&output=html&source=placeapi_v2,,,,,,,,,,,,,,,,,,113.39231304347,23.01816630588,0
75036835ea5bc8b65e0d02fc,钟村牛奶甜品店(金江大道店),美食,蛋糕甜品店,广东省,广州市,番禺区,广东省广州市番禺区金江大道209号,75036835ea5bc8b65e0d02fc,1,0,113.393327,23.011299,(020)34829199,cater,http://api.map.baidu.com/place/detail?uid=75036835ea5bc8b65e0d02fc&output=html&source=placeapi_v2,18.0,11:30-01:00,4.0,,,,,,,,6,,,,,,,113.39313988339,23.011247431062,0
d6cd9e0a3c7a5a2bc7f0258e,她的茶,美食,蛋糕甜品店,广东省,广州市,番禺区,广东省广州市番禺区南村镇兴业大道1129号,d6cd9e0a3c7a5a2bc7f0258e,1,0,113.39469,23.0103,13632397952,cater,http://api.map.baidu.com/place/detail?uid=d6cd9e0a3c7a5a2bc7f0258e&output=html&source=placeapi_v2,24.0,11:00-23:00,3.9,,,,,,,12,1,,,,,,,113.39473800033,23.010191008914,0
9a4c1d003fd520b817948e8a,港式甜品屋(南村店),美食,蛋糕甜品店,广东省,广州市,番禺区,广州市番禺区金江大道丽珠楼西侧约90米,9a4c1d003fd520b817948e8a,1,0,113.393795,23.010587,18826813243,cater,http://api.map.baidu.com/place/detail?uid=9a4c1d003fd520b817948e8a&output=html&source=placeapi_v2,25.0,12:00-24:00,3.5,,,,,,,,0,,,,,,,113.39367543786,23.010561390759,0
e525573e16a2ba3fbb17e780,以冬,美食,蛋糕甜品店,广东省,广州市,番禺区,广东省广州市番禺区观景路212号,e525573e16a2ba3fbb17e780,1,0,113.370314,23.015187,"13802983690,19925741980",cater,http://api.map.baidu.com/place/detail?uid=e525573e16a2ba3fbb17e780&output=html&source=placeapi_v2,,,3.7,,,,,,,,,,,,,,,113.37029223733,23.015429933051,0
4d0908244523e88f2d4733fc,金典蛋糕坊,美食,蛋糕甜品店,广东省,广州市,番禺区,广州市番禺区陈地路25号,4d0908244523e88f2d4733fc,1,0,113.396699,23.019332,18620516825,cater,http://api.map.baidu.com/place/detail?uid=4d0908244523e88f2d4733fc&output=html&source=placeapi_v2,,06:30-23:00,4.0,,,,,,,,,,,,,,,113.39677170921,23.019190031267,0
d6e73c7f8204f199e015f9eb,地壳烘焙体验店,美食,蛋糕甜品店,广东省,广州市,番禺区,番禺区南村镇员岗村观景路雅居乐花园会所一楼A-03,d6e73c7f8204f199e015f9eb,1,0,113.371022,23.016163,18818863387,cater,http://api.map.baidu.com/place/detail?uid=d6e73c7f8204f199e015f9eb&output=html&source=placeapi_v2,,09:00-21:00,3.6,,,,,,,,1,,,,,,,,,0
daab1a3f1666a98238221c70,诗家烘焙,美食,蛋糕甜品店,广东省,广州市,番禺区,广东省广州市番禺区南阳路84号,daab1a3f1666a98238221c70,1,0,113.393256,23.014916,13719406618,cater,http://api.map.baidu.com/place/detail?uid=daab1a3f1666a98238221c70&output=html&source=placeapi_v2,,,,,,,,,,,,,,,,,,113.39334545791,23.014944926757,0
87a880a6c063fc1bd23ce37e,化州糖水美食店,美食,蛋糕甜品店,广东省,广州市,番禺区,广东省广州市番禺区金欧大道365号,87a880a6c063fc1bd23ce37e,1,0,113.380886,23.026507,13640899263,cater,http://api.map.baidu.com/place/detail?uid=87a880a6c063fc1bd23ce37e&output=html&source=placeapi_v2,,09:00-22:00,0,,,,,,,,0,,,,,,,113.3808390366,23.026551380461,0
2c20668b69246bd2fbdc854a,贝麦面包店,美食,蛋糕甜品店,广东省,广州市,番禺区,广东省广州市番禺区金瓯大道26号,2c20668b69246bd2fbdc854a,1,0,113.379814,23.026435,15014287512,cater,http://api.map.baidu.com/place/detail?uid=2c20668b69246bd2fbdc854a&output=html&source=placeapi_v2,,06:00-23:55,,,,,,,,,,,,,,,,113.37977579322,23.026493485416,0
e82c1159afa6d0719d9d6860,化州超润甜品(化龙店),美食,蛋糕甜品店,广东省,广州市,番禺区,广东省广州市番禺区工业一路七街2号,,1,0,113.467144,23.003562,,cater,http://api.map.baidu.com/place/detail?uid=e82c1159afa6d0719d9d6860&output=html&source=placeapi_v2,18.0,,,,,,,,,,,,,,,,,,,0
72881990cdf63fdb6fc02cf7,鲜一杯(潭山店),美食,蛋糕甜品店,广东省,广州市,番禺区,番禺区潭山村工业一路自编36号102室,72881990cdf63fdb6fc02cf7,1,0,113.467402,23.004093,15113810870,cater,http://api.map.baidu.com/place/detail?uid=72881990cdf63fdb6fc02cf7&output=html&source=placeapi_v2,22.0,10:00-24:00,3.5,,,,,,,,1,,,,,,,,,0
af336105a5719f0b3904b1c9,8090奶茶酷饮(潭山村店),美食,蛋糕甜品店,广东省,广州市,番禺区,广东省广州市番禺区潭山大道40号,af336105a5719f0b3904b1c9,1,0,113.468215,23.004484,13160822830,cater,http://api.map.baidu.com/place/detail?uid=af336105a5719f0b3904b1c9&output=html&source=placeapi_v2,16.0,12:00-24:00,,,,,,,,,,,,,,,,,,0
503e568c37a55c5fadb22aee,肥婆甜品店,美食,蛋糕甜品店,广东省,广州市,番禺区,广东广州市番禺区风情街16号4号铺,,1,0,113.503965,22.992752,,cater,http://api.map.baidu.com/place/detail?uid=503e568c37a55c5fadb22aee&output=html&source=placeapi_v2,,10:00-23:30,3.5,,,,,,,,1,,,,,,,,,0
022c697be0acf2c1d0ff232f,广隆蛋挞王(麻涌漳澎村店),美食,蛋糕甜品店,广东省,东莞市,,东莞市漳澎村车站路漳澎村车站路27号(漳澎市场侧),,1,0,113.575435,23.009288,18028991809,cater,http://api.map.baidu.com/place/detail?uid=022c697be0acf2c1d0ff232f&output=html&source=placeapi_v2,8.0,09:00-22:00,3.9,,,,,,,,53,,,,,,,,,0
181653344a30d91dfb2d6124,乐园面包(洪梅店),美食,蛋糕甜品店,广东省,东莞市,,东莞市家福楼1号,181653344a30d91dfb2d6124,1,0,113.618118,22.997403,,life,http://api.map.baidu.com/place/detail?uid=181653344a30d91dfb2d6124&output=html&source=placeapi_v2,,06:00-20:00,3.8,,,,,,,40,16,,,,,,,113.61795106709,22.997403234007,0
a235266f11a0ddaa3f9a5ed8,黄氏正轩牛奶甜品专家(洪梅店),美食,蛋糕甜品店,广东省,东莞市,,广东省东莞市河西路22号新丰大厦16号铺,,1,0,113.617953,22.999112,(0769)88845498,cater,http://api.map.baidu.com/place/detail?uid=a235266f11a0ddaa3f9a5ed8&output=html&source=placeapi_v2,19.0,09:00-21:00,3.8,,,,,,,,0,,,,,,,,,0
2a2d7afccf9e332532f71d29,杏林春凉茶(洪梅店),美食,蛋糕甜品店,广东省,东莞市,,广东省东莞市中兴路41号,2a2d7afccf9e332532f71d29,1,0,113.614806,22.998024,15016980099,cater,http://api.map.baidu.com/place/detail?uid=2a2d7afccf9e332532f71d29&output=html&source=placeapi_v2,10.0,08:30-22:30,3.7,,,,,,,,1,,,,,,,,,0
e5b75262abdbea96bbbd63f9,广隆蛋挞王(道滘店),美食,蛋糕甜品店,广东省,东莞市,,广东省东莞市新兴北路38号,e5b75262abdbea96bbbd63f9,1,0,113.67217,23.006604,13538492966,cater,http://api.map.baidu.com/place/detail?uid=e5b75262abdbea96bbbd63f9&output=html&source=placeapi_v2,16.0,06:00-22:00,3.7,,,,,,,,0,,,,,,,113.67223716562,23.006635397289,0
2311691387ad9ee4734b876e,乐园面包(金牛店),美食,蛋糕甜品店,广东省,东莞市,,广东省东莞市道滘金牛路42号,2311691387ad9ee4734b876e,1,0,113.671521,23.007935,(0769)83266117,cater,http://api.map.baidu.com/place/detail?uid=2311691387ad9ee4734b876e&output=html&source=placeapi_v2,17.0,06:30-22:30,3.6,,,,,,,,6,,,,,,,113.67163678043,23.007922268656,0
ee1cd5e897b9f45482a12e7e,广隆蛋挞王(新兴南路店),美食,蛋糕甜品店,广东省,东莞市,,广东省东莞市新兴北路38号,ee1cd5e897b9f45482a12e7e,1,0,113.673661,23.004736,13380166389,cater,http://api.map.baidu.com/place/detail?uid=ee1cd5e897b9f45482a12e7e&output=html&source=placeapi_v2,15.0,,,,,,,,,,,,,,,,,,,0
c52812d57ed40cf39e82ea25,热冰屋,美食,蛋糕甜品店,广东省,东莞市,,广东省东莞市新兴北路93号,c52812d57ed40cf39e82ea25,1,0,113.672126,23.007003,,cater,http://api.map.baidu.com/place/detail?uid=c52812d57ed40cf39e82ea25&output=html&source=placeapi_v2,,,,,,,,,,,,,,,,,,,,0
51e81e1c17a0d26e81a12e9d,化州清爽(糖水店),美食,蛋糕甜品店,广东省,东莞市,,广东省东莞市豪迈路34号,51e81e1c17a0d26e81a12e9d,1,0,113.669822,22.998565,15986679869,cater,http://api.map.baidu.com/place/detail?uid=51e81e1c17a0d26e81a12e9d&output=html&source=placeapi_v2,,,0,,,,,,,,2,,,,,,,,,0
a192301fe2f2c53003ec0142,小酌手工甜点,美食,蛋糕甜品店,广东省,东莞市,,广东省东莞市振兴北一路四巷1号,a192301fe2f2c53003ec0142,1,0,113.679907,23.012395,13528638590,cater,http://api.map.baidu.com/place/detail?uid=a192301fe2f2c53003ec0142&output=html&source=placeapi_v2,,,,,,,,,,,,,,,,,,113.67995925939,23.012349945256,0
74382cf31cd8cb96e607388a,祥兴饼家(振兴北二路店),美食,蛋糕甜品店,广东省,东莞市,,广东省东莞市振兴北二路6号,74382cf31cd8cb96e607388a,1,0,113.679444,23.010987,(0769)88836638,cater,http://api.map.baidu.com/place/detail?uid=74382cf31cd8cb96e607388a&output=html&source=placeapi_v2,,07:00-19:00,3.6,,,,,,,,0,,,,,,,113.67954504982,23.01094489524,0
2a8a6ad4a3181f2871210b3d,杏林春凉茶(道窖三店),美食,蛋糕甜品店,广东省,东莞市,,广东省东莞市振兴路北40号,2a8a6ad4a3181f2871210b3d,1,0,113.67487,23.010454,"(0769)22380936,13790644269",cater,http://api.map.baidu.com/place/detail?uid=2a8a6ad4a3181f2871210b3d&output=html&source=placeapi_v2,10.0,08:30-22:30,3.7,,,,,,,,14,,,,,,,113.67487501459,23.010371563561,0
f101de66fee037cc11882490,面包树烘焙(桥东大街店),美食,蛋糕甜品店,广东省,东莞市,,广东省东莞市桥东大街c7号,f101de66fee037cc11882490,1,0,113.687983,23.012778,(0769)82896368,cater,http://api.map.baidu.com/place/detail?uid=f101de66fee037cc11882490&output=html&source=placeapi_v2,,10:00-21:00,3.6,,,,,,,,1,,,,,,,,,0
dde636956919c7958f55ec6a,化州甜品(简沙洲店),美食,蛋糕甜品店,广东省,东莞市,,广东省东莞市坝新路简沙洲综合市场b20,dde636956919c7958f55ec6a,1,0,113.713985,23.01681,13925882816,cater,http://api.map.baidu.com/place/detail?uid=dde636956919c7958f55ec6a&output=html&source=placeapi_v2,,11:30-01:30,3.5,,,,,,,,0,,,,,,,113.71394824929,23.016858359061,0
19606cb01ca9ea010c0e6b3a,广隆蛋挞王·生日蛋糕（恒大御景店）,美食,蛋糕甜品店,广东省,东莞市,,广东省东莞市鸿福社区滨河路36号恒大御景苑8栋商铺10号,19606cb01ca9ea010c0e6b3a,1,0,113.714451,22.998978,(0769)22880939,cater,http://api.map.baidu.com/place/detail?uid=19606cb01ca9ea010c0e6b3a&output=html&source=placeapi_v2,37.0,"10:00-16:00,17:30-21:00",3.9,,,,,,,,0,,,,,,,113.71456975437,22.998820930818,0
aaadcf355ea60aaca21de915,徐其修凉茶全国连锁(坝新路店),美食,蛋糕甜品店,广东省,东莞市,,广东省东莞市坝新路136号,aaadcf355ea60aaca21de915,1,0,113.714354,23.01532,,cater,http://api.map.baidu.com/place/detail?uid=aaadcf355ea60aaca21de915&output=html&source=placeapi_v2,10.0,10:00-22:00,0,,,,,,,,2,,,,,,,113.71427038058,23.015438387156,0
74f4039667f23bdaebe58218,洛曼利蛋糕·甜品,美食,蛋糕甜品店,广东省,东莞市,,广东省东莞市榕树下体验广场,,1,0,113.741318,23.009538,4008823099,cater,http://api.map.baidu.com/place/detail?uid=74f4039667f23bdaebe58218&output=html&source=placeapi_v2,,11:00-22:30,,,,,,,,,,,,,,,,,,0
7a4a37786a22f79afb2d61d0,张三疯烧烤(城市风景街店),美食,蛋糕甜品店,广东省,东莞市,,广东省东莞市莞太路南段121号,7a4a37786a22f79afb2d61d0,1,0,113.742092,23.009665,(0769)33610978,cater,http://api.map.baidu.com/place/detail?uid=7a4a37786a22f79afb2d61d0&output=html&source=placeapi_v2,57.0,10:00-22:00,3.6,,,,,,,,0,,,,,,,113.74215221337,23.009735436822,0
fdd60fc2828332cd75e5b66a,文记港式甜品(新基店),美食,蛋糕甜品店,广东省,东莞市,,广东省东莞市杨柳路21号,fdd60fc2828332cd75e5b66a,1,0,113.739311,23.009781,17607656114,cater,http://api.map.baidu.com/place/detail?uid=fdd60fc2828332cd75e5b66a&output=html&source=placeapi_v2,18.0,12:30-01:30,3.7,,,,,,,,0,,,,,,,113.73924548628,23.009890329672,0
3714cc8baedb9b43260bd0c7,广隆蛋挞王(华府店),美食,蛋糕甜品店,广东省,东莞市,,广东省东莞市香园路31号105室,,1,0,113.742267,23.004609,15024047399,cater,http://api.map.baidu.com/place/detail?uid=3714cc8baedb9b43260bd0c7&output=html&source=placeapi_v2,15.0,06:00-23:00,3.6,,,,,,,,1,,,,,,,113.7424153531,23.004650114963,0
2816d5eb9ae68fa73517dc26,哥顿蛋糕(新基店),美食,蛋糕甜品店,广东省,东莞市,,广东省东莞市新基路18号a4栋401号,2816d5eb9ae68fa73517dc26,1,0,113.732878,23.010273,"(0769)22119188,18938168385",cater,http://api.map.baidu.com/place/detail?uid=2816d5eb9ae68fa73517dc26&output=html&source=placeapi_v2,15.0,07:00-22:30,3.6,,,,,,,,23,,,,,,,113.73290419318,23.010122470603,0
9ee392b849a11141bbbd636d,广天福圣心蛋糕(新基分店),美食,蛋糕甜品店,广东省,东莞市,,南城街道新基路10号101室,9ee392b849a11141bbbd636d,1,0,113.73511,23.009476,15218787993,cater,http://api.map.baidu.com/place/detail?uid=9ee392b849a11141bbbd636d&output=html&source=placeapi_v2,18.0,07:00-23:00,3.5,,,,,,,,22,,,,,,,113.73529104751,23.009803737575,0
5242135e6b05396c54bfff51,美子家蛋糕(第一国际店),美食,蛋糕甜品店,广东省,东莞市,,广东省东莞市新城社区东莞大道商业中心二期百安中心一层130号铺,5242135e6b05396c54bfff51,1,0,113.760181,23.012034,"(0769)22886130,13392343313",cater,http://api.map.baidu.com/place/detail?uid=5242135e6b05396c54bfff51&output=html&source=placeapi_v2,55.0,11:00-21:30,4.1,,,,,,,,0,,,,,,,113.7602599186,23.012165001941,0
0aa6c4b689eddf114c6d46fe,玛可蛋糕食尚(周溪店),美食,蛋糕甜品店,广东省,东莞市,,广东省东莞市袁屋边众利路2号一楼之二铺,0aa6c4b689eddf114c6d46fe,1,0,113.728621,22.998676,(0769)22419331,cater,http://api.map.baidu.com/place/detail?uid=0aa6c4b689eddf114c6d46fe&output=html&source=placeapi_v2,12.0,06:00-23:00,3.5,,,,,,,,20,,,,,,,113.72868390718,22.998755112238,0
c99359063e5bb64c09b93a91,杏林春凉茶(步行街店),美食,蛋糕甜品店,广东省,东莞市,,广东省东莞市金丰路金兰阁10号铺,c99359063e5bb64c09b93a91,1,0,113.739726,23.012579,(0769)22413025,cater,http://api.map.baidu.com/place/detail?uid=c99359063e5bb64c09b93a91&output=html&source=placeapi_v2,8.0,08:00-22:30,0,,,,,,,,3,,,,,,,,,0
1c5a58a2a2f710eddeee8bf6,乐园面包(新基店),美食,蛋糕甜品店,广东省,东莞市,,广东省东莞市新基大道新基智慧港7-101号,1c5a58a2a2f710eddeee8bf6,1,0,113.735359,23.009064,(0769)22899038,cater,http://api.map.baidu.com/place/detail?uid=1c5a58a2a2f710eddeee8bf6&output=html&source=placeapi_v2,10.0,06:30-22:30,3.5,,,,,,,,4,,,,,,,113.73537516843,23.009178799715,0
131d551cb16f044682a00c10,广隆蛋挞王(新基店),美食,蛋糕甜品店,广东省,东莞市,,广东省东莞市新基路新基综合市场F座07号(志成五金店旁),131d551cb16f044682a00c10,1,0,113.734637,23.009408,13712129220,cater,http://api.map.baidu.com/place/detail?uid=131d551cb16f044682a00c10&output=html&source=placeapi_v2,13.0,06:00-22:30,3.8,,,,,,,,1,,,,,,,,,0
870465247ab45fa4f119376b,不是蛋糕(南城店),美食,蛋糕甜品店,广东省,东莞市,,广东省东莞市金丰路8号1期d016铺,870465247ab45fa4f119376b,1,0,113.729318,23.016213,"(0769)28680196,18124534448",cater,http://api.map.baidu.com/place/detail?uid=870465247ab45fa4f119376b&output=html&source=placeapi_v2,28.0,10:00-21:00,3.8,,,,,,,,64,,,,,,,113.72919169503,23.016110451141,0
01ad0da1c374786394031918,快乐番薯(南城中天广场店),美食,蛋糕甜品店,广东省,东莞市,,东莞市南城区宏图路21号中天·中央广场F1,01ad0da1c374786394031918,1,0,113.744906,23.005295,13412424828,cater,http://api.map.baidu.com/place/detail?uid=01ad0da1c374786394031918&output=html&source=placeapi_v2,16.0,10:00-22:30,3.8,,,,,,,,0,,,,,,,113.74500662314,23.004800594469,0
0450a92ec027980d2cb96d69,初见蛋糕烘焙,美食,蛋糕甜品店,广东省,东莞市,,广东省东莞市元美村40号,,1,0,113.745972,23.020726,13724413367,cater,http://api.map.baidu.com/place/detail?uid=0450a92ec027980d2cb96d69&output=html&source=placeapi_v2,152.0,09:00-22:00,3.7,,,,,,,,,,,,,,,,,0
b7b23dfdafd4d0ae4e2fdf6e,西文西点(新天地店),美食,蛋糕甜品店,广东省,东莞市,,广东省东莞市宏图路中信新天地1栋23号铺,b7b23dfdafd4d0ae4e2fdf6e,1,0,113.747333,23.006505,(0769)23300443,cater,http://api.map.baidu.com/place/detail?uid=b7b23dfdafd4d0ae4e2fdf6e&output=html&source=placeapi_v2,12.0,06:00-23:00,3.6,,,,,,,,24,,,,,,,113.74708711128,23.006661626418,0
0c2d1b1431ffb67ab1077d2e,迎丰饼业(运河东三路店),美食,蛋糕甜品店,广东省,东莞市,,广东省东莞市沿河路宏远批发市场c29号,0c2d1b1431ffb67ab1077d2e,1,0,113.738435,23.020465,(0769)22810697,cater,http://api.map.baidu.com/place/detail?uid=0c2d1b1431ffb67ab1077d2e&output=html&source=placeapi_v2,,,1.5,,,,,,,,1,,,,,,,113.73831242084,23.020603128958,0
02ddd1d289f3847325d2bb6f,彩田烘培坊(金丰花园店),美食,蛋糕甜品店,广东省,东莞市,,南城街道南城街道宏远金丰花园天景居(美宜佳旁边),02ddd1d289f3847325d2bb6f,1,0,113.733165,23.01878,(0769)22412981,cater,http://api.map.baidu.com/place/detail?uid=02ddd1d289f3847325d2bb6f&output=html&source=placeapi_v2,14.0,06:30-23:00,3.6,,,,,,,,1,,,,,,,113.73319463912,23.018754203757,0
5854e192162e36d4f02d8392,黄氏姜撞奶双皮奶,美食,蛋糕甜品店,广东省,东莞市,,东莞市亨元路时尚岛蓝钻,5854e192162e36d4f02d8392,1,0,113.750489,23.020789,15112867892,cater,http://api.map.baidu.com/place/detail?uid=5854e192162e36d4f02d8392&output=html&source=placeapi_v2,18.0,,,,,,,,,,,,,,,,,,,0
9349cac5adaec5f72db908a6,麦元方生日蛋糕(江南世家店),美食,蛋糕甜品店,广东省,东莞市,,广东省东莞市银丰路一期09号,9349cac5adaec5f72db908a6,1,0,113.736403,23.023876,(0769)22853455,cater,http://api.map.baidu.com/place/detail?uid=9349cac5adaec5f72db908a6&output=html&source=placeapi_v2,20.0,06:00-23:00,3.6,,,,,,,,2,,,,,,,113.7365103008,23.023918077432,0
0175316581235f2ccd04eff5,榴莲捞(南城店),美食,蛋糕甜品店,广东省,东莞市,,东莞市鸿福路口新城国际酒店旁边(时尚电器后面)(近新城国际酒店),0175316581235f2ccd04eff5,1,0,113.749104,23.02154,15920606905,cater,http://api.map.baidu.com/place/detail?uid=0175316581235f2ccd04eff5&output=html&source=placeapi_v2,27.0,11:30-23:00,4.9,,,,,,,,11,,,,,,,113.74899941147,23.021648069531,0
09246a0a8b8f448aa7c7564d,正宗化州糖水(塘贝街店),美食,蛋糕甜品店,广东省,东莞市,,广东省东莞市大王新村五巷3号,09246a0a8b8f448aa7c7564d,1,0,113.751524,23.024171,13652531392,cater,http://api.map.baidu.com/place/detail?uid=09246a0a8b8f448aa7c7564d&output=html&source=placeapi_v2,,,,,,,,,,,,,,,,,,113.75171438986,23.024151531092,0
d918695a06220e42bd4842fe,杏林春凉茶(格林店),美食,蛋糕甜品店,广东省,东莞市,,广东省东莞市宏伟路55号金地格林花园香橙院053号,d918695a06220e42bd4842fe,1,0,113.758977,23.00238,(0769)22603993,cater,http://api.map.baidu.com/place/detail?uid=d918695a06220e42bd4842fe&output=html&source=placeapi_v2,10.0,08:30-22:30,3.8,,,,,,,,1,,,,,,,113.75911227408,23.002288665663,0
a3a56248dab188d42dfaa7e5,水果捞(凯德广场店),美食,蛋糕甜品店,广东省,东莞市,,东莞市亨美路盒汇广场ColourBox27号铺(凯德广场渔香米坊对面),a3a56248dab188d42dfaa7e5,1,0,113.751532,23.020239,,cater,http://api.map.baidu.com/place/detail?uid=a3a56248dab188d42dfaa7e5&output=html&source=placeapi_v2,,,4.5,,,,,,,,11,,,,,,,,,0
e041c1dddf27d0ba88b9884e,恒隆烘焙,美食,蛋糕甜品店,广东省,东莞市,,广东省东莞市运河东三路113号福江楼9号铺,e041c1dddf27d0ba88b9884e,1,0,113.739955,23.02519,(0769)22882468,cater,http://api.map.baidu.com/place/detail?uid=e041c1dddf27d0ba88b9884e&output=html&source=placeapi_v2,,,,,,,,,,,1,,,,,,,113.73979066969,23.025225504452,0
80f91feb3df65291373a713b,可露丽手感烘焙(南城店),美食,蛋糕甜品店,广东省,东莞市,,广东省东莞市金丰路江南第一城b010,80f91feb3df65291373a713b,1,0,113.729634,23.015143,15322815510,cater,http://api.map.baidu.com/place/detail?uid=80f91feb3df65291373a713b&output=html&source=placeapi_v2,12.0,05:30-22:30,3.6,,,,,,,,0,,,,,,,113.72973901372,23.015106663075,0
bae70a3eed95c4463586f489,昌顺烘焙包装,美食,蛋糕甜品店,广东省,东莞市,,广东省东莞市昌盛大厦02号,bae70a3eed95c4463586f489,1,0,113.739429,23.023214,"13266287561,15999705528",cater,http://api.map.baidu.com/place/detail?uid=bae70a3eed95c4463586f489&output=html&source=placeapi_v2,,,0,,,,,,,,2,,,,,,,113.73924453318,23.023256524009,0
a89b220170ebcf13a0acc47a,知味觀(鸿福东路店),美食,蛋糕甜品店,广东省,东莞市,,广东省东莞市金锡路21号,a89b220170ebcf13a0acc47a,1,0,113.777844,23.010385,(0769)26627603,cater,http://api.map.baidu.com/place/detail?uid=a89b220170ebcf13a0acc47a&output=html&source=placeapi_v2,129.0,10:00-22:00,3.5,,,,,,,,10,,,,,,,113.77784873995,23.01052138372,0
b292b3aaa1826628be4842ff,麦元方生日蛋糕(东城景湖春天店),美食,蛋糕甜品店,广东省,东莞市,,广东省东莞市怡丰路阳光假日145号,b292b3aaa1826628be4842ff,1,0,113.773489,23.007196,(0769)22010906,cater,http://api.map.baidu.com/place/detail?uid=b292b3aaa1826628be4842ff&output=html&source=placeapi_v2,20.0,06:00-22:30,3.6,,,,,,,,18,,,,,,,113.77344441451,23.007143642706,0
239958b5004a288e5d0d02fb,味檬鲜果茶饮西点,美食,蛋糕甜品店,广东省,东莞市,,东莞市立新光大花园金龙路为民小学附楼5区2号,239958b5004a288e5d0d02fb,1,0,113.781757,23.004537,13829205810,cater,http://api.map.baidu.com/place/detail?uid=239958b5004a288e5d0d02fb&output=html&source=placeapi_v2,,07:00-23:30,3.5,,,,,,,,0,,,,,,,,,0
ab2227408cf53dfd54bfff68,谷古面包(天骄御峰店),美食,蛋糕甜品店,广东省,东莞市,,广东省东莞市金树路北19号,ab2227408cf53dfd54bfff68,1,0,113.775259,23.017045,(0769)26622857,cater,http://api.map.baidu.com/place/detail?uid=ab2227408cf53dfd54bfff68&output=html&source=placeapi_v2,44.0,07:30-21:30,4.4,,,,,,,,2,,,,,,,,,0
6d06ff58c57859f2f7eafc9b,乐园面包(泰和2店),美食,蛋糕甜品店,广东省,东莞市,,广东省东莞市立新光大路24~25号友谊综合市场五区119号,6d06ff58c57859f2f7eafc9b,1,0,113.772132,23.007809,"(0769)22266598,(0769)22502789",cater,http://api.map.baidu.com/place/detail?uid=6d06ff58c57859f2f7eafc9b&output=html&source=placeapi_v2,12.0,06:00-22:30,3.7,,,,,,,,10,,,,,,,113.77220350336,23.007888911127,0
ba3889a407a602d9bbbd63cd,朴原蛋糕,美食,蛋糕甜品店,广东省,东莞市,,广东省东莞市金树路44号104号商铺,ba3889a407a602d9bbbd63cd,1,0,113.773911,23.016368,13560880904,cater,http://api.map.baidu.com/place/detail?uid=ba3889a407a602d9bbbd63cd&output=html&source=placeapi_v2,37.0,09:00-18:30,4.3,,,,,,,,1,,,,,,,,,0
356ffa53aa0aba28c03644b4,三只蜜蜂蛋糕(南城店),美食,蛋糕甜品店,广东省,东莞市,,广东省东莞市宏伟二路景湖春晓50栋05号铺,356ffa53aa0aba28c03644b4,1,0,113.76448,23.004018,(0769)22994595,cater,http://api.map.baidu.com/place/detail?uid=356ffa53aa0aba28c03644b4&output=html&source=placeapi_v2,143.0,10:00-22:00,3.8,,,,,,,,,,,,,,,113.76442316256,23.004043560158,0
70f037f88ca836c1eb12e472,志荣蛋糕(怡丰店),美食,蛋糕甜品店,广东省,东莞市,,广东省东莞市金树路124号102室,,1,0,113.768346,23.012009,13510434992,cater,http://api.map.baidu.com/place/detail?uid=70f037f88ca836c1eb12e472&output=html&source=placeapi_v2,,,3.4,,,,,,,,,,,,,,,113.76833310107,23.011874529776,0
8fe03cb5e19d4ea39ee321dc,遇见蛋糕店,美食,蛋糕甜品店,广东省,东莞市,,广东省东莞市金锡路51号,,1,0,113.771782,23.011619,13725846749,cater,http://api.map.baidu.com/place/detail?uid=8fe03cb5e19d4ea39ee321dc&output=html&source=placeapi_v2,,00:00-24:00,,,,,,,,,,,,,,,,113.771833556,23.011665721924,0
f4f5a310597bb92021022043,第一麦方(新世界店),美食,蛋糕甜品店,广东省,东莞市,,广东省东莞市东城街道东城南路新世纪豪园第一居A1铺,f4f5a310597bb92021022043,1,0,113.786738,23.025104,(0769)26628809,cater,http://api.map.baidu.com/place/detail?uid=f4f5a310597bb92021022043&output=html&source=placeapi_v2,22.0,07:00-23:00,3.8,,,,,,,,1,,,,,,,113.78683209508,23.025127482529,0
6c40b468a7e962bdc61e5162,麦元方生日蛋糕(东城新世纪店),美食,蛋糕甜品店,广东省,东莞市,,广东省东莞市旗峰路288号新世纪大厦1楼108铺,6c40b468a7e962bdc61e5162,1,0,113.771315,23.019134,"(0769)23011500,13537247603",cater,http://api.map.baidu.com/place/detail?uid=6c40b468a7e962bdc61e5162&output=html&source=placeapi_v2,20.0,06:00-22:30,3.5,,,,,,,,7,,,,,,,113.77148337495,23.019025549964,0
e2677fc54d4d0c5beee4a54a,大仓面包(东城店),美食,蛋糕甜品店,广东省,东莞市,,广东省东莞市东城东路旗峰天下34号铺,e2677fc54d4d0c5beee4a54a,1,0,113.791422,23.024271,13602395606,cater,http://api.map.baidu.com/place/detail?uid=e2677fc54d4d0c5beee4a54a&output=html&source=placeapi_v2,26.0,09:00-21:30,4.3,,,,,,,,0,,,,,,,113.79124351983,23.02424854136,0
6bea78c1628f604d1c38948e,易买面包(鸿福里店),美食,蛋糕甜品店,广东省,东莞市,,广东省东莞市怡丰路1号10栋,6bea78c1628f604d1c38948e,1,0,113.76759,23.017997,15384216088,cater,http://api.map.baidu.com/place/detail?uid=6bea78c1628f604d1c38948e&output=html&source=placeapi_v2,22.0,07:30-22:00,4.3,,,,,,,,,,,,,,,,,0
ca23ba291ec566de88b9885e,祖味世家(怡丰路店),美食,蛋糕甜品店,广东省,东莞市,,广东省东莞市怡丰路丰润阁1栋110号,ca23ba291ec566de88b9885e,1,0,113.766213,23.012444,18922500912,cater,http://api.map.baidu.com/place/detail?uid=ca23ba291ec566de88b9885e&output=html&source=placeapi_v2,,08:00-22:30,3.6,,,,,,,,0,,,,,,,,,0
69fcd6df99157436ca291524,乐园面包(东泰花园店),美食,蛋糕甜品店,广东省,东莞市,,东莞市东城街道东泰花园泰和商业街阳光假日小区106号铺面(创思阳光幼儿园旁边),69fcd6df99157436ca291524,1,0,113.770282,23.00624,(0769)22502789,life,http://api.map.baidu.com/place/detail?uid=69fcd6df99157436ca291524&output=html&source=placeapi_v2,,06:00-22:00,5,,,,,,,53,1,,,,,,,113.77016494004,23.006289154503,0
37d699ef7ad9a94ed8d8913c,阿文木瓜牛奶(怡丰路店),美食,蛋糕甜品店,广东省,东莞市,,广东省东莞市怡丰路A106,37d699ef7ad9a94ed8d8913c,1,0,113.767231,23.011652,(0769)23131503,shopping,http://api.map.baidu.com/place/detail?uid=37d699ef7ad9a94ed8d8913c&output=html&source=placeapi_v2,,11:30-24:00,,,,,,,,,18,,,,,,,113.76720080045,23.011527955061,0
ab375bd681fed2e31fe99905,MISU烘焙材料专门店(西平店),美食,蛋糕甜品店,广东省,东莞市,,广东省东莞市宏伟二路景湖春晓50栋6号,ab375bd681fed2e31fe99905,1,0,113.764518,23.004075,"(0769)28681221,15816842369",cater,http://api.map.baidu.com/place/detail?uid=ab375bd681fed2e31fe99905&output=html&source=placeapi_v2,,10:00-21:00,5,,,,,,,,1,,,,,,,113.7644426785,23.004067290213,0
7a43cc0dee86c19e7f29bd11,乐园面包(东华店),美食,蛋糕甜品店,广东省,东莞市,,广东省东莞市光明大道26号,7a43cc0dee86c19e7f29bd11,1,0,113.790439,22.993943,"(0769)22209826,13650022045",cater,http://api.map.baidu.com/place/detail?uid=7a43cc0dee86c19e7f29bd11&output=html&source=placeapi_v2,10.0,06:30-22:30,3.3,,,,,,,,7,,,,,,,113.79053167739,22.99409445277,0
e815def4b00f1129f32d83ab,甜蜜小屋(光明新村路店),美食,蛋糕甜品店,广东省,东莞市,,广东省东莞市东城街道光明谭头新村西四巷一号,e815def4b00f1129f32d83ab,1,0,113.793974,22.996992,13150718082,cater,http://api.map.baidu.com/place/detail?uid=e815def4b00f1129f32d83ab&output=html&source=placeapi_v2,,07:30-24:00,,,,,,,,,,,,,,,,113.79403924869,22.997102087563,0
011a3c61ffbc50c75abbbc71,幸福西饼(民盈·国贸中心店),美食,蛋糕甜品店,广东省,东莞市,,广东省东莞市鸿福路1号国贸中心5栋1029室(国贸2号门),011a3c61ffbc50c75abbbc71,1,0,113.768899,23.019769,(0769)23038003,cater,http://api.map.baidu.com/place/detail?uid=011a3c61ffbc50c75abbbc71&output=html&source=placeapi_v2,31.0,07:00-23:00,4.1,,,,,,,,3,,,,,,,113.76880327328,23.019851783887,0
b3eeb27ff14577ff72455b36,广隆蛋挞王(东城店),美食,蛋糕甜品店,广东省,东莞市,,广东省东莞市火炼树金树路129号101室,b3eeb27ff14577ff72455b36,1,0,113.768146,23.011488,13113219318,cater,http://api.map.baidu.com/place/detail?uid=b3eeb27ff14577ff72455b36&output=html&source=placeapi_v2,15.0,08:00-22:00,3.5,,,,,,,,0,,,,,,,113.76807997295,23.011552967682,0
d8a47b1396a55cb4d22dd6bf,协和饼食(光明路店),美食,蛋糕甜品店,广东省,东莞市,,广东省东莞市光明路12号1幢5号铺,d8a47b1396a55cb4d22dd6bf,1,0,113.789853,22.994765,(0769)23168876,cater,http://api.map.baidu.com/place/detail?uid=d8a47b1396a55cb4d22dd6bf&output=html&source=placeapi_v2,9.0,06:30-23:00,3.6,,,,,,,,1,,,,,,,113.78974610832,22.994588716785,0
d0b5808d0baa9e0cc0364488,京馔烘焙手工吐司(景湖时代城店),美食,蛋糕甜品店,广东省,东莞市,,广东省东莞市宏伟一路景湖时代城18栋1楼158号,d0b5808d0baa9e0cc0364488,1,0,113.763694,23.003736,"(0769)21660672,18025119957",cater,http://api.map.baidu.com/place/detail?uid=d0b5808d0baa9e0cc0364488&output=html&source=placeapi_v2,35.0,,4.2,,,,,,,,6,,,,,,,113.76374777426,23.003698521689,0
90826e84a834031c7c29bdec,邓老凉茶(东华店),美食,蛋糕甜品店,广东省,东莞市,,广东省东莞市莞长路33号,90826e84a834031c7c29bdec,1,0,113.785916,22.996248,,cater,http://api.map.baidu.com/place/detail?uid=90826e84a834031c7c29bdec&output=html&source=placeapi_v2,11.0,,3.5,,,,,,,,2,,,,,,,113.78595779409,22.996313624007,0
918ea1f2435b17ca6f4760ae,时悦蛋糕面包私人定制,美食,蛋糕甜品店,广东省,东莞市,,广东省东莞市一环路41号,918ea1f2435b17ca6f4760ae,1,0,113.794969,22.995804,13631867405,cater,http://api.map.baidu.com/place/detail?uid=918ea1f2435b17ca6f4760ae&output=html&source=placeapi_v2,,,,,,,,,,,,,,,,,,113.79504029789,22.995769045302,0
b206223df35accbfe8e58215,天母蓝鸟烘焙(汇一城店),美食,蛋糕甜品店,广东省,东莞市,,广东东莞市鸿福路200号1楼,b206223df35accbfe8e58215,1,0,113.765316,23.017649,,life,http://api.map.baidu.com/place/detail?uid=b206223df35accbfe8e58215&output=html&source=placeapi_v2,,08:30-23:00,,,,,,,,,,,,,,,,,,0
efeadc5895333f3043afe69b,思甜糖水店,美食,蛋糕甜品店,广东省,东莞市,,广东省东莞市东泰南道中信东泰花园嘉华苑a座112铺,efeadc5895333f3043afe69b,1,0,113.762352,23.007355,13798928323,cater,http://api.map.baidu.com/place/detail?uid=efeadc5895333f3043afe69b&output=html&source=placeapi_v2,,10:00-22:00,,,,,,,,,,,,,,,,,,0
4d16e4168464ae740c0e6b8c,甜梦梦(万科高尔夫花园店),美食,蛋糕甜品店,广东省,东莞市,,广东省东莞市橡树北街111号,4d16e4168464ae740c0e6b8c,1,0,113.822353,23.015087,15820219091,cater,http://api.map.baidu.com/place/detail?uid=4d16e4168464ae740c0e6b8c&output=html&source=placeapi_v2,,08:30-21:30,3.8,,,,,,,,1,,,,,,,113.82238867914,23.014964068975,0
f80aacc48509e07f1d580053,徐其修凉茶(南漖小区南),美食,蛋糕甜品店,广东省,广州市,荔湾区,广东省广州市荔湾区南漖会龙坊128号,f80aacc48509e07f1d580053,1,0,113.253436,23.05468,,cater,http://api.map.baidu.com/place/detail?uid=f80aacc48509e07f1d580053&output=html&source=placeapi_v2,10.0,10:00-22:00,3.5,,,,,,,,2,,,,,,,113.25354790442,23.054614013259,0
9cfb4fd78aa4e796354aae73,赵记传承(洛溪店),美食,蛋糕甜品店,广东省,广州市,番禺区,广州市番禺区洛溪新城吉祥北园如意三马路3栋9号(新地购物广场对面),9cfb4fd78aa4e796354aae73,1,0,113.307649,23.04985,13926499238,cater,http://api.map.baidu.com/place/detail?uid=9cfb4fd78aa4e796354aae73&output=html&source=placeapi_v2,17.0,14:00-23:30,0,,,,,,,,0,,,,,,,113.30773000972,23.049831673402,0
eb36750362c9d60200ec01fc,钟村牛奶甜品店(沿江中路店),美食,蛋糕甜品店,广东省,广州市,番禺区,广东省广州市番禺区沿江中路73号,eb36750362c9d60200ec01fc,1,0,113.315663,23.035738,(020)84795879,cater,http://api.map.baidu.com/place/detail?uid=eb36750362c9d60200ec01fc&output=html&source=placeapi_v2,21.0,11:30-01:00,4.0,,,,,,,,12,,,,,,,113.31562605226,23.03597433007,0
ebb2a7b6658db6905e0d02be,粤点越顺时尚茶居(南浦店),美食,蛋糕甜品店,广东省,广州市,番禺区,广东省广州市番禺区碧桂大道汇南广场东区2楼,ebb2a7b6658db6905e0d02be,1,0,113.299038,23.037349,(020)31105341,cater,http://api.map.baidu.com/place/detail?uid=ebb2a7b6658db6905e0d02be&output=html&source=placeapi_v2,54.0,07:30-14:30,3.6,,,,,,,,4,,,,,,,113.29891635258,23.037388082316,0
4fc3161a638844b03b13fda2,利口福(丽江店),美食,蛋糕甜品店,广东省,广州市,番禺区,广东省广州市番禺区丽江花园丽茵楼B01铺(新潮街与沿沙东路交汇处东南角),4fc3161a638844b03b13fda2,1,0,113.307496,23.039915,(020)34544393,cater,http://api.map.baidu.com/place/detail?uid=4fc3161a638844b03b13fda2&output=html&source=placeapi_v2,13.0,07:00-22:00,3.9,,,,,,,,4,,,,,,,113.30740718926,23.039942920623,0
b48f81505360c14c2db96de5,超润甜品美食城(洛浦东乡店),美食,蛋糕甜品店,广东省,广州市,番禺区,广州市番禺区洛浦街东乡村一街二巷13号首层,2bebe0c636870f65ede4a589,1,0,113.2935,23.048046,13651421228,cater,http://api.map.baidu.com/place/detail?uid=b48f81505360c14c2db96de5&output=html&source=placeapi_v2,,11:00-02:00,0,,,,,,,,0,,,,,,,,,0
1d43c900662d854a8b2fb563,超润甜品(桔树北街店),美食,蛋糕甜品店,广东省,广州市,番禺区,广东省广州市番禺区北街51号,1d43c900662d854a8b2fb563,1,0,113.301117,23.03553,,cater,http://api.map.baidu.com/place/detail?uid=1d43c900662d854a8b2fb563&output=html&source=placeapi_v2,,11:30-01:00,,,,,,,,,,,,,,,,113.3010339587,23.035435377926,0
4e7cafb0b4cd2a28c8213df6,大熊DIY蛋糕坊,美食,蛋糕甜品店,广东省,广州市,番禺区,广州市番禺区洛溪南路洛溪第一工业村北侧约60米,,1,0,113.296898,23.05221,"13246454413,18588654413",cater,http://api.map.baidu.com/place/detail?uid=4e7cafb0b4cd2a28c8213df6&output=html&source=placeapi_v2,,09:00-23:30,4.9,,,,,,,,8,,,,,,,,,0
490b3959236618d6e115f980,WonderPetal花瓣说蛋糕店,美食,蛋糕甜品店,广东省,广州市,番禺区,广东省广州市番禺区洛浦街洛溪新城如意二马路1幢19号铺,490b3959236618d6e115f980,1,0,113.309174,23.045612,15099813606,cater,http://api.map.baidu.com/place/detail?uid=490b3959236618d6e115f980&output=html&source=placeapi_v2,,09:30-21:30,3.5,,,,,,,,0,,,,,,,113.30925856547,23.045554802787,0
8ab0dfc44a5abd16d8ecedf4,皇冠蛋糕(丽江店),美食,蛋糕甜品店,广东省,广州市,番禺区,广东省广州市番禺区大石街怡景花园丽荃楼2层a-211号,8ab0dfc44a5abd16d8ecedf4,1,0,113.308946,23.039028,(020)34509380,cater,http://api.map.baidu.com/place/detail?uid=8ab0dfc44a5abd16d8ecedf4&output=html&source=placeapi_v2,10.0,06:00-22:30,3.9,,,,,,,,6,,,,,,,,,0
ff3f006336c9c84a4afc8d5f,丽之都(吉祥店),美食,蛋糕甜品店,广东省,广州市,番禺区,广东省广州市番禺区吉祥北道176号,ff3f006336c9c84a4afc8d5f,1,0,113.306319,23.049066,(020)34790312,cater,http://api.map.baidu.com/place/detail?uid=ff3f006336c9c84a4afc8d5f&output=html&source=placeapi_v2,8.0,05:30-23:30,3.6,,,,,,,,9,,,,,,,113.30629926146,23.048919032432,0
8923afa11bb3aeb95cd4fef5,心意甜品(朝阳西路店),美食,蛋糕甜品店,广东省,广州市,番禺区,广东省广州市番禺区朝阳西路81号,8923afa11bb3aeb95cd4fef5,1,0,113.313253,23.029562,(020)84791488,cater,http://api.map.baidu.com/place/detail?uid=8923afa11bb3aeb95cd4fef5&output=html&source=placeapi_v2,24.0,12:00-24:00,4.5,,,,,,,,42,,,,,,,113.31319809327,23.029642237694,0
5cc9bda6cd339bb55e17c39b,黎恩凉茶(洛溪店),美食,蛋糕甜品店,广东省,广州市,番禺区,广东省广州市番禺区新浦路吉祥北园8幢5号,5cc9bda6cd339bb55e17c39b,1,0,113.305412,23.051023,"13268390095,13726731832",cater,http://api.map.baidu.com/place/detail?uid=5cc9bda6cd339bb55e17c39b&output=html&source=placeapi_v2,7.0,09:00-23:00,5,,,,,,,,2,,,,,,,113.30546700027,23.050998009647,0
da6b4b143971503159bbbcee,超润甜品(康宁路店),美食,蛋糕甜品店,广东省,广州市,番禺区,广东省广州市番禺区康宁路35号,da6b4b143971503159bbbcee,1,0,113.299845,23.053036,15219736257,cater,http://api.map.baidu.com/place/detail?uid=da6b4b143971503159bbbcee&output=html&source=placeapi_v2,17.0,10:00-23:00,3.5,,,,,,,,0,,,,,,,113.29977845099,23.053041580366,0
a3e8341c04e5f78c4bfd3fbd,金莎饼屋,美食,蛋糕甜品店,广东省,广州市,番禺区,广东省广州市番禺区新浦路吉祥北园3栋10号,a3e8341c04e5f78c4bfd3fbd,1,0,113.305621,23.050622,(020)84507282,cater,http://api.map.baidu.com/place/detail?uid=a3e8341c04e5f78c4bfd3fbd&output=html&source=placeapi_v2,8.0,06:00-24:00,3.5,,,,,,,,4,,,,,,,,,0
8d70e9791da89876306212e8,超润甜品(沙滘西路店),美食,蛋糕甜品店,广东省,广州市,番禺区,广东省广州市番禺区洛浦街道沙滘西路16号,8d70e9791da89876306212e8,1,0,113.318257,23.045046,18824118068,cater,http://api.map.baidu.com/place/detail?uid=8d70e9791da89876306212e8&output=html&source=placeapi_v2,12.0,11:30-24:00,4.5,,,,,,,,16,,,,,,,,,0
ebc1c0141b25dd3ce8e582f9,royaltea皇茶(洛溪店),美食,蛋糕甜品店,广东省,广州市,番禺区,广州市番禺区洛浦街洛城吉祥北园北园上街2幢二层(部位:A2之一),ebc1c0141b25dd3ce8e582f9,1,0,113.305825,23.051026,13922332778,cater,http://api.map.baidu.com/place/detail?uid=ebc1c0141b25dd3ce8e582f9&output=html&source=placeapi_v2,,,3.9,,,,,,,,,,,,,,,,,0
85be76cc95fd352d97031936,友赛甜品(上漖店),美食,蛋糕甜品店,广东省,广州市,番禺区,广东省广州市番禺区中环路上漖综合市场南区3号铺,85be76cc95fd352d97031936,1,0,113.319902,23.045891,13005683912,cater,http://api.map.baidu.com/place/detail?uid=85be76cc95fd352d97031936&output=html&source=placeapi_v2,,,3.5,,,,,,,,0,,,,,,,113.31980694667,23.045865581032,0
a746c2c6fa492d7bf403b88e,舒乐甜品,美食,蛋糕甜品店,广东省,广州市,番禺区,广东省广州市番禺区沙滘西路48号,a746c2c6fa492d7bf403b88e,1,0,113.320295,23.045626,15017333729,cater,http://api.map.baidu.com/place/detail?uid=a746c2c6fa492d7bf403b88e&output=html&source=placeapi_v2,16.0,11:30-01:00,0,,,,,,,,0,,,,,,,113.32027850316,23.045687060145,0
075252016eb29c490782c2b7,丽之都饼店(南浦店),美食,蛋糕甜品店,广东省,广州市,番禺区,广东省广州市番禺区民安路7号5楼,075252016eb29c490782c2b7,1,0,113.286055,23.052051,(020)31168961,cater,http://api.map.baidu.com/place/detail?uid=075252016eb29c490782c2b7&output=html&source=placeapi_v2,14.0,05:30-23:30,3.6,,,,,,,,1,,,,,,,,,0
8d74e2e49aab38e4cafa5f50,自然甜(渔人码头商业中心店),美食,蛋糕甜品店,广东省,广州市,番禺区,广州市番禺区新湖路与新虹路交叉口渔人码头商业中心F1,,1,0,113.310412,23.036959,,cater,http://api.map.baidu.com/place/detail?uid=8d74e2e49aab38e4cafa5f50&output=html&source=placeapi_v2,,,,,,,,,,,,,,,,,,113.30997530368,23.037353993926,0
844a750e745357b8636858a9,莱豪蛋糕店,美食,蛋糕甜品店,广东省,广州市,番禺区,广东省广州市番禺区新沙路58号,844a750e745357b8636858a9,1,0,113.337047,23.045755,(020)84507512,cater,http://api.map.baidu.com/place/detail?uid=844a750e745357b8636858a9&output=html&source=placeapi_v2,8.0,06:00-00:30,3.4,,,,,,,,19,,,,,,,113.33697328109,23.045766413931,0
ba4b1a32049e573fd4851f2c,老香港手工蛋糕,美食,蛋糕甜品店,广东省,广州市,番禺区,广东省广州市番禺区厦滘南路56号,,1,0,113.326829,23.044045,13707018195,cater,http://api.map.baidu.com/place/detail?uid=ba4b1a32049e573fd4851f2c&output=html&source=placeapi_v2,,07:30-23:00,,,,,,,,,,,,,,,,113.32665018234,23.043986888272,0
6b57c545dc7a325c343a7106,超润甜品(沙滘中路店),美食,蛋糕甜品店,广东省,广州市,番禺区,广州市番禺区沙窖中路8号,6b57c545dc7a325c343a7106,1,0,113.3258,23.04662,15986208127,cater,http://api.map.baidu.com/place/detail?uid=6b57c545dc7a325c343a7106&output=html&source=placeapi_v2,10.0,11:30-01:00,3.8,,,,,,,,13,,,,,,,,,0
6bfc7ec601e39ab1d81318a2,超润糖水城(大石店),美食,蛋糕甜品店,广东省,广州市,番禺区,广东省广州市番禺区河村东路西二巷2号275号之23号,6bfc7ec601e39ab1d81318a2,1,0,113.332369,23.030326,18928713393,cater,http://api.map.baidu.com/place/detail?uid=6bfc7ec601e39ab1d81318a2&output=html&source=placeapi_v2,23.0,10:00-24:00,3.4,,,,,,,,0,,,,,,,,,0
69e691940aeb327c09b93a8f,中草堂凉茶,美食,蛋糕甜品店,广东省,广州市,番禺区,广东省广州市番禺区大涌路228号,69e691940aeb327c09b93a8f,1,0,113.333237,23.030147,,cater,http://api.map.baidu.com/place/detail?uid=69e691940aeb327c09b93a8f&output=html&source=placeapi_v2,,,0,,,,,,,,1,,,,,,,113.33319467574,23.030243504169,0
d5daf1782e6096532fb17ecf,绿叶居西饼(广州大学商业中心店),美食,蛋糕甜品店,广东省,广州市,番禺区,广东省广州市番禺区大学城中环西路230号广州大学商业中心F1,d5daf1782e6096532fb17ecf,1,0,113.379736,23.047374,(020)39340006,cater,http://api.map.baidu.com/place/detail?uid=d5daf1782e6096532fb17ecf&output=html&source=placeapi_v2,12.0,06:30-23:00,3.5,,,,,,,,157,,,,,,,113.37952504741,23.047015031773,0
d0cb674a59989230d5b74e7a,CoCo都可茶饮(广大店),美食,蛋糕甜品店,广东省,广州市,番禺区,广东省广州市番禺区大学城中环西路230号广州大学商业中心F1,,1,0,113.378868,23.047076,18320104427,cater,http://api.map.baidu.com/place/detail?uid=d0cb674a59989230d5b74e7a&output=html&source=placeapi_v2,13.0,10:00-22:00,4.0,,,,,,,,0,,,,,,,113.37869092193,23.04698079398,0
af2d66e15fc7eed104fef5d2,花间,美食,蛋糕甜品店,广东省,广州市,番禺区,广州大学城云程大街2号,,1,0,113.383012,23.056386,18925928394,cater,http://api.map.baidu.com/place/detail?uid=af2d66e15fc7eed104fef5d2&output=html&source=placeapi_v2,105.0,11:00-22:00,4.9,,,,,,,,200,,,,,,,113.38305000002,23.056465009783,0
f4460918b1c86817b11e363d,提香坊(南亭新概念店),美食,蛋糕甜品店,广东省,广州市,番禺区,广州市番禺区松山街34号西100米南亭商业街,f4460918b1c86817b11e363d,1,0,113.394971,23.04282,(020)39322652,cater,http://api.map.baidu.com/place/detail?uid=f4460918b1c86817b11e363d&output=html&source=placeapi_v2,14.0,06:00-22:30,0,,,,,,,,0,,,,,,,113.39491930354,23.042819510386,0
9b4cbbe0247359557ec8762a,杰盛糖水(北亭店),美食,蛋糕甜品店,广东省,广州市,番禺区,广州市番禺区大学城北亭村过桥米线旁(近北亭村口),9b4cbbe0247359557ec8762a,1,0,113.381015,23.052361,13650836086,cater,http://api.map.baidu.com/place/detail?uid=9b4cbbe0247359557ec8762a&output=html&source=placeapi_v2,12.0,"08:00-14:00,17:00-24:00",3.9,,,,,,,,15,,,,,,,113.38093242624,23.052336953071,0
87a880a6c063fc1bd23ce37e,化州糖水美食店,美食,蛋糕甜品店,广东省,广州市,番禺区,广东省广州市番禺区金欧大道365号,87a880a6c063fc1bd23ce37e,1,0,113.380886,23.026507,13640899263,cater,http://api.map.baidu.com/place/detail?uid=87a880a6c063fc1bd23ce37e&output=html&source=placeapi_v2,,09:00-22:00,0,,,,,,,,0,,,,,,,113.3808390366,23.026551380461,0
fe1dc621491881578bdb739d,润能西饼屋,美食,蛋糕甜品店,广东省,广州市,番禺区,广东省广州市番禺区北亭大街1巷1号,fe1dc621491881578bdb739d,1,0,113.380871,23.057706,13697428137,cater,http://api.map.baidu.com/place/detail?uid=fe1dc621491881578bdb739d&output=html&source=placeapi_v2,,,5,,,,,,,,2,,,,,,,,,0
45fc1ac094243a9b48cc4a46,爽爽甜品(南亭村大街店),美食,蛋糕甜品店,广东省,广州市,番禺区,广州市番禺区南亭村大街广州大学城香格里公寓(南亭店)北侧约110米,,1,0,113.394775,23.043823,,cater,http://api.map.baidu.com/place/detail?uid=45fc1ac094243a9b48cc4a46&output=html&source=placeapi_v2,,,,,,,,,,,,,,,,,,,,0
df0e96176659a5e43de23105,可馨爱烘焙(新造店),美食,蛋糕甜品店,广东省,广州市,番禺区,广东省广州市番禺区渡口路新丽园三街2号楼101号,df0e96176659a5e43de23105,1,0,113.420921,23.042447,18601925085,cater,http://api.map.baidu.com/place/detail?uid=df0e96176659a5e43de23105&output=html&source=placeapi_v2,,09:00-19:00,3.4,,,,,,,,0,,,,,,,113.42089673133,23.042369368892,0
5c67fabdf6ca7896c3f1cf55,皇冠·玛莉奥(新造店),美食,蛋糕甜品店,广东省,广州市,番禺区,广东省广州市番禺区新广路1号,5c67fabdf6ca7896c3f1cf55,1,0,113.423073,23.042315,(020)34721667,cater,http://api.map.baidu.com/place/detail?uid=5c67fabdf6ca7896c3f1cf55&output=html&source=placeapi_v2,14.0,06:00-23:00,3.8,,,,,,,,0,,,,,,,113.4229779453,23.042344152955,0
060ed20bbe936c8adeee8b12,化州六月雪甜品店,美食,蛋糕甜品店,广东省,广州市,番禺区,广东省广州市番禺区新丽园三街3号,060ed20bbe936c8adeee8b12,1,0,113.42043,23.042876,17811449149,cater,http://api.map.baidu.com/place/detail?uid=060ed20bbe936c8adeee8b12&output=html&source=placeapi_v2,,,,,,,,,,,,,,,,,,113.42032460325,23.042931638655,0
1e82b2e2808c26971576432d,悦景轩面包西饼,美食,蛋糕甜品店,广东省,广州市,番禺区,广东省广州市番禺区崇德农贸市场a13号铺,1e82b2e2808c26971576432d,1,0,113.425837,23.04298,13822649246,cater,http://api.map.baidu.com/place/detail?uid=1e82b2e2808c26971576432d&output=html&source=placeapi_v2,,,0,,,,,,,,0,,,,,,,113.42577810101,23.043010875359,0
d3102acb8ab910ab5e0d02b4,三只鹿手制甜点(穗石店),美食,蛋糕甜品店,广东省,广州市,番禺区,番禺区大学城外环东路小谷围街穗石村双桂街自编8号商业综合楼T8-1001号,d3102acb8ab910ab5e0d02b4,1,0,113.416395,23.052853,13610207308,cater,http://api.map.baidu.com/place/detail?uid=d3102acb8ab910ab5e0d02b4&output=html&source=placeapi_v2,12.0,09:00-21:00,3.8,,,,,,,,0,,,,,,,113.41655396767,23.052680850733,0
e21bacd0a2086c66cf06a421,沙湾姜撞奶,美食,蛋糕甜品店,广东省,广州市,番禺区,广东省广州市番禺区广州大学城外环西路岭南印象园,e21bacd0a2086c66cf06a421,1,0,113.411599,23.042097,,cater,http://api.map.baidu.com/place/detail?uid=e21bacd0a2086c66cf06a421&output=html&source=placeapi_v2,,10:00-21:00,,,,,,,,,,,,,,,,113.41094955278,23.042978976325,0
02d0005cc6bec5e7c91b951b,心怡美点(穗石店),美食,蛋糕甜品店,广东省,广州市,番禺区,番禺区大学城穗石大道东门广场,02d0005cc6bec5e7c91b951b,1,0,113.416621,23.053146,18588666439,cater,http://api.map.baidu.com/place/detail?uid=02d0005cc6bec5e7c91b951b&output=html&source=placeapi_v2,13.0,06:00-10:00,3.4,,,,,,,,0,,,,,,,113.41667509788,23.053243979617,0
befd2e20045958f8d1f49e8a,皇茶(大学城店),美食,蛋糕甜品店,广东省,广州市,番禺区,广州市番禺区双桂街自编8号商业综合楼126号商铺,befd2e20045958f8d1f49e8a,1,0,113.415995,23.05321,13533322056,cater,http://api.map.baidu.com/place/detail?uid=befd2e20045958f8d1f49e8a&output=html&source=placeapi_v2,15.0,10:00-23:00,3.6,,,,,,,,24,,,,,,,,,0
c15ac7e1b86fde8ab64f54f7,诺琳烘焙,美食,蛋糕甜品店,广东省,广州市,番禺区,广东省广州市番禺区商业路45号,c15ac7e1b86fde8ab64f54f7,1,0,113.438936,23.05084,13719424261,cater,http://api.map.baidu.com/place/detail?uid=c15ac7e1b86fde8ab64f54f7&output=html&source=placeapi_v2,,09:00-21:00,3.5,,,,,,,,0,,,,,,,113.43918831199,23.050958498012,0
97ef7a15468316d08f55ec30,诺琳烘焙,美食,蛋糕甜品店,广东省,广州市,番禺区,广东省广州市番禺区商业路45号,97ef7a15468316d08f55ec30,1,0,113.438118,23.038627,13719424261,cater,http://api.map.baidu.com/place/detail?uid=97ef7a15468316d08f55ec30&output=html&source=placeapi_v2,,07:30-20:00,,,,,,,,,,,,,,,,113.43803767695,23.03865085812,0
69f3289383eb8f09fea778f4,青天甜点店,美食,蛋糕甜品店,广东省,广州市,番禺区,广东省广州市番禺区草堂公路段8号,69f3289383eb8f09fea778f4,1,0,113.471349,23.036722,,cater,http://api.map.baidu.com/place/detail?uid=69f3289383eb8f09fea778f4&output=html&source=placeapi_v2,,,,,,,,,,,,,,,,,,113.47159413079,23.036798652535,0
e6b0c52aeda9155002897208,三逗糖水,美食,蛋糕甜品店,广东省,广州市,番禺区,番禺区龙源路28号,e6b0c52aeda9155002897208,1,0,113.458001,23.047757,13424486360,cater,http://api.map.baidu.com/place/detail?uid=e6b0c52aeda9155002897208&output=html&source=placeapi_v2,,14:00-23:00,3.5,,,,,,,,0,,,,,,,113.45810307681,23.047757951196,0
56c2b8c4c58e6d37ca291510,安妮家烘焙坊(麻涌大步店),美食,蛋糕甜品店,广东省,东莞市,,广东省东莞市商业大道25号,56c2b8c4c58e6d37ca291510,1,0,113.586399,23.051327,(0769)88221717,cater,http://api.map.baidu.com/place/detail?uid=56c2b8c4c58e6d37ca291510&output=html&source=placeapi_v2,10.0,09:00-21:00,3.6,,,,,,,,2,,,,,,,,,0
4553cc1804217edf5e0d028c,烙米欧蛋糕(麻涌店),美食,蛋糕甜品店,广东省,东莞市,,东莞市古梅路星河·城市广场,,1,0,113.581182,23.057172,13543779558,cater,http://api.map.baidu.com/place/detail?uid=4553cc1804217edf5e0d028c&output=html&source=placeapi_v2,,00:00-24:00,3.4,,,,,,,,,,,,,,,113.58103237367,23.057114140961,0
b743803e87c2ce338bf15d12,比心蛋糕店,美食,蛋糕甜品店,广东省,东莞市,,广东省东莞市振兴路55号,,1,0,113.58935,23.05232,13268333110,cater,http://api.map.baidu.com/place/detail?uid=b743803e87c2ce338bf15d12&output=html&source=placeapi_v2,,00:00-24:00,,,,,,,,,1,,,,,,,,,0
90eb3750e62949bfab0dd847,斯斯蛋糕,美食,蛋糕甜品店,广东省,东莞市,,广东省东莞市麻涌大道210号102室,,1,0,113.588773,23.055826,13794943765,cater,http://api.map.baidu.com/place/detail?uid=90eb3750e62949bfab0dd847&output=html&source=placeapi_v2,,10:00-18:30,,,,,,,,,1,,,,,,,,,0
d276cd3e5728f2822902e11b,包萝万友(古梅店),美食,蛋糕甜品店,广东省,东莞市,,广东省东莞市麻涌镇古梅路B17号,d276cd3e5728f2822902e11b,1,0,113.580644,23.05557,18033032861,cater,http://api.map.baidu.com/place/detail?uid=d276cd3e5728f2822902e11b&output=html&source=placeapi_v2,,07:00-22:00,3.6,,,,,,,,0,,,,,,,113.5807653476,23.055647317567,0
27041c75ef5b774d940319f8,乐园面包(麻涌四店),美食,蛋糕甜品店,广东省,东莞市,,广东省东莞市大步花园A座19号,27041c75ef5b774d940319f8,1,0,113.580728,23.055423,(0769)88289686,cater,http://api.map.baidu.com/place/detail?uid=27041c75ef5b774d940319f8&output=html&source=placeapi_v2,10.0,06:00-22:00,3.5,,,,,,,,0,,,,,,,113.58080700023,23.055464009737,0
12139cc7c8235b42c91b95b5,大师蛋糕,美食,蛋糕甜品店,广东省,东莞市,,东莞市古梅路西园酒店北侧约30米,12139cc7c8235b42c91b95b5,1,0,113.580678,23.055082,,cater,http://api.map.baidu.com/place/detail?uid=12139cc7c8235b42c91b95b5&output=html&source=placeapi_v2,,09:00-22:00,,,,,,,,,,,,,,,,113.5808381867,23.055104829942,0
56da1b7223c4269888f15dac,玛莎手感烘焙(星河城店),美食,蛋糕甜品店,广东省,东莞市,,广东省东莞市建设路69号星河城市广场35~37号铺,56da1b7223c4269888f15dac,1,0,113.580461,23.057665,18025202226,cater,http://api.map.baidu.com/place/detail?uid=56da1b7223c4269888f15dac&output=html&source=placeapi_v2,25.0,09:00-24:00,3.6,,,,,,,,26,,,,,,,,,0
8972e63eff1fc952ab059dc5,心意烘焙屋,美食,蛋糕甜品店,广东省,东莞市,,麻涌镇商业路27号,,1,0,113.582961,23.05419,,cater,http://api.map.baidu.com/place/detail?uid=8972e63eff1fc952ab059dc5&output=html&source=placeapi_v2,,,,,,,,,,,,,,,,,,,,0
c036343e9bbfd8403310af30,佩奇蛋糕,美食,蛋糕甜品店,广东省,东莞市,,广东省东莞市水围中街26号二坊6号铺,,1,0,113.578726,23.056616,13686001709,cater,http://api.map.baidu.com/place/detail?uid=c036343e9bbfd8403310af30&output=html&source=placeapi_v2,,,,,,,,,,,,,,,,,,,,0
fea487440ad056c4c81b95a2,桐心烘焙,美食,蛋糕甜品店,广东省,东莞市,,广东省东莞市商业路34号,fea487440ad056c4c81b95a2,1,0,113.582591,23.05429,15017177183,cater,http://api.map.baidu.com/place/detail?uid=fea487440ad056c4c81b95a2&output=html&source=placeapi_v2,,,,,,,,,,,,,,,,,,,,0
262ef609b8afa2bf8a36ee01,壹式烘焙坊,美食,蛋糕甜品店,广东省,东莞市,,东莞市建设路星河·城市广场东南侧,,1,0,113.582058,23.056704,,cater,http://api.map.baidu.com/place/detail?uid=262ef609b8afa2bf8a36ee01&output=html&source=placeapi_v2,,,,,,,,,,,,,,,,,,,,0
9b2ab954d72ab76d8a36ee92,杨师傅烘焙坊,美食,蛋糕甜品店,广东省,东莞市,,东莞市广麻大道新世纪江畔湾西南侧约80米,,1,0,113.581805,23.058486,15218789901,cater,http://api.map.baidu.com/place/detail?uid=9b2ab954d72ab76d8a36ee92&output=html&source=placeapi_v2,,,,,,,,,,,,,,,,,,,,0
417bc982e04005ea725e8034,乐淘烘焙坊,美食,蛋糕甜品店,广东省,东莞市,,广东省东莞市海基路二横街8号,,1,0,113.583092,23.057257,13431394240,cater,http://api.map.baidu.com/place/detail?uid=417bc982e04005ea725e8034&output=html&source=placeapi_v2,,,,,,,,,,,,,,,,,,113.58311825227,23.057616863846,0
462f1166ae541466091cc7ec,梧州平记中草药凉茶,美食,蛋糕甜品店,广东省,东莞市,,广东省东莞市麻涌大道西21号,462f1166ae541466091cc7ec,1,0,113.580664,23.053884,13592725771,cater,http://api.map.baidu.com/place/detail?uid=462f1166ae541466091cc7ec&output=html&source=placeapi_v2,,,0,,,,,,,,1,,,,,,,,,0
618dfce94239e126343a71be,甜心萍萍烘焙,美食,蛋糕甜品店,广东省,东莞市,,东莞市建设三街麻涌市场(新世纪江畔湾南)东南侧约40米,618dfce94239e126343a71be,1,0,113.584095,23.056228,13532996002,cater,http://api.map.baidu.com/place/detail?uid=618dfce94239e126343a71be&output=html&source=placeapi_v2,,,,,,,,,,,,,,,,,,113.58413919625,23.056335546717,0
afd5ec32175db7099cf779ef,杏林春凉茶(麻涌二店),美食,蛋糕甜品店,广东省,东莞市,,麻涌镇东太路凯翠园旁,afd5ec32175db7099cf779ef,1,0,113.589743,23.057405,15015355496,cater,http://api.map.baidu.com/place/detail?uid=afd5ec32175db7099cf779ef&output=html&source=placeapi_v2,15.0,08:30-22:30,3.7,,,,,,,,1,,,,,,,113.5897006344,23.057280967181,0
9a7fe60d22bc37ac6ec02c8c,广隆蛋挞王(望牛墩店),美食,蛋糕甜品店,广东省,东莞市,,广东省东莞市万江区绿榕路16号,9a7fe60d22bc37ac6ec02c8c,1,0,113.662268,23.060429,(0769)88565228,cater,http://api.map.baidu.com/place/detail?uid=9a7fe60d22bc37ac6ec02c8c&output=html&source=placeapi_v2,24.0,06:30-22:30,4.5,,,,,,,,9,,,,,,,113.66236258273,23.060517320187,0
e9872203ab818c7aa4c756a2,百品居糖水铺,美食,蛋糕甜品店,广东省,东莞市,,广东省东莞市望牛墩镇城建办公楼南(兴业街西),e9872203ab818c7aa4c756a2,1,0,113.663827,23.060807,(0769)88516793,cater,http://api.map.baidu.com/place/detail?uid=e9872203ab818c7aa4c756a2&output=html&source=placeapi_v2,10.0,12:00-22:30,3.6,,,,,,,,0,,,,,,,,,0
41bfd74db5b7ba1780288a7b,舒根凉茶店,美食,蛋糕甜品店,广东省,东莞市,,广东省东莞市绿榕路18号,41bfd74db5b7ba1780288a7b,1,0,113.66224,23.06035,(0769)88854901,cater,http://api.map.baidu.com/place/detail?uid=41bfd74db5b7ba1780288a7b&output=html&source=placeapi_v2,,08:30-22:30,3.6,,,,,,,,0,,,,,,,,,0
6366436c37871fdb17948e00,鱼屿甜品,美食,蛋糕甜品店,广东省,东莞市,,广东省东莞市五巷2号二区101,6366436c37871fdb17948e00,1,0,113.720288,23.043971,,cater,http://api.map.baidu.com/place/detail?uid=6366436c37871fdb17948e00&output=html&source=placeapi_v2,36.0,,3.8,,,,,,,,1,,,,,,,,,0
5e322ab55a8ab312e215f9bc,财兴甜品(万江店),美食,蛋糕甜品店,广东省,东莞市,,广东省东莞市公园路28号,5e322ab55a8ab312e215f9bc,1,0,113.743791,23.052385,"(0769)22274281,13418225444",cater,http://api.map.baidu.com/place/detail?uid=5e322ab55a8ab312e215f9bc&output=html&source=placeapi_v2,32.0,10:00-22:00,3.8,,,,,,,,42,,,,,,,113.74387207047,23.052243050867,0
f65ef6923ac5d671bda24067,广隆蛋挞王(华南MALL店),美食,蛋糕甜品店,广东省,东莞市,,广东省东莞市金鳌洲街华南摩尔万江中心市场d区a8铺,f65ef6923ac5d671bda24067,1,0,113.732855,23.039403,13652582125,cater,http://api.map.baidu.com/place/detail?uid=f65ef6923ac5d671bda24067&output=html&source=placeapi_v2,19.0,05:00-22:00,3.8,,,,,,,,22,,,,,,,113.73291382391,23.039308008535,0
49d95938c3181842c61e51fc,哥顿蛋糕(坝头店),美食,蛋糕甜品店,广东省,东莞市,,广东省东莞市坝兴横一路1号,49d95938c3181842c61e51fc,1,0,113.733213,23.03127,18928298690,cater,http://api.map.baidu.com/place/detail?uid=49d95938c3181842c61e51fc&output=html&source=placeapi_v2,23.0,07:00-23:00,3.8,,,,,,,,32,,,,,,,113.73315431916,23.031139799847,0
cc9422d2f823e3e2a3acc428,杏林春凉茶(和阳路店),美食,蛋糕甜品店,广东省,东莞市,,广东省东莞市万江区金泰社区万道路金运楼19号,cc9422d2f823e3e2a3acc428,1,0,113.736574,23.044977,"(0769)22380936,(0769)22603993",cater,http://api.map.baidu.com/place/detail?uid=cc9422d2f823e3e2a3acc428&output=html&source=placeapi_v2,11.0,08:30-22:30,3.7,,,,,,,,3,,,,,,,113.73656184455,23.045096947099,0
a5ef680f3d8dd6ceb9df8f6e,芝心芝语(万江店),美食,蛋糕甜品店,广东省,东莞市,,万江街道新城社区中心西路北1号尚书华府3号商住楼商铺11号房,a5ef680f3d8dd6ceb9df8f6e,1,0,113.729586,23.044027,"(0769)22008588,(0769)89863666",cater,http://api.map.baidu.com/place/detail?uid=a5ef680f3d8dd6ceb9df8f6e&output=html&source=placeapi_v2,98.0,09:00-21:00,4.1,,,,,,,,10,,,,,,,113.72967441028,23.044029899986,0
e96b4420f1c84d4082288a6e,哥顿蛋糕(都会店),美食,蛋糕甜品店,广东省,东莞市,,广东省东莞市莞穗路都会广场B101铺(近万江中学),e96b4420f1c84d4082288a6e,1,0,113.741776,23.05535,(0769)22719449,cater,http://api.map.baidu.com/place/detail?uid=e96b4420f1c84d4082288a6e&output=html&source=placeapi_v2,17.0,07:00-23:00,3.8,,,,,,,,3,,,,,,,113.74178098951,23.055495113944,0
50fb64fff56f1d44e9f85369,广隆蛋挞王(向阳店),美食,蛋糕甜品店,广东省,东莞市,,广东省东莞市莞城街道向阳路101号,50fb64fff56f1d44e9f85369,1,0,113.758907,23.045699,,cater,http://api.map.baidu.com/place/detail?uid=50fb64fff56f1d44e9f85369&output=html&source=placeapi_v2,11.0,08:00-22:00,4.2,,,,,,,,7,,,,,,,113.75888016033,23.04561541433,0
e5cfab245722aab2220220f4,TT甜点,美食,蛋糕甜品店,广东省,东莞市,,广东省东莞市万江区教育路9号楼5号铺,e5cfab245722aab2220220f4,1,0,113.744763,23.055114,13560887788,cater,http://api.map.baidu.com/place/detail?uid=e5cfab245722aab2220220f4&output=html&source=placeapi_v2,,,3.5,,,,,,,,1,,,,,,,113.74472158631,23.055189318779,0
342fc42e1fd9423eae080fe7,芒果捞(万江店),美食,蛋糕甜品店,广东省,东莞市,,广东省东莞市万江区金鳌路万江葡萄庄园别墅区53号,342fc42e1fd9423eae080fe7,1,0,113.731592,23.045222,(0769)28057762,cater,http://api.map.baidu.com/place/detail?uid=342fc42e1fd9423eae080fe7&output=html&source=placeapi_v2,41.0,11:00-21:00,3.6,,,,,,,,1,,,,,,,113.73156540626,23.044982107428,0
d146b38811735fc774026969,大良甜品店(银丰店),美食,蛋糕甜品店,广东省,东莞市,,广东省东莞市银丰路14号108室,d146b38811735fc774026969,1,0,113.745951,23.026636,,cater,http://api.map.baidu.com/place/detail?uid=d146b38811735fc774026969&output=html&source=placeapi_v2,20.0,12:00-24:00,3.5,,,,,,,,8,,,,,,,113.74592282469,23.026558429451,0
5b25f4463d9663f31029356e,可可蛋糕·鲜花(银丰路店),美食,蛋糕甜品店,广东省,东莞市,,广东省东莞市银丰路15号联丰苑b座2号铺,5b25f4463d9663f31029356e,1,0,113.744216,23.02687,13712628377,cater,http://api.map.baidu.com/place/detail?uid=5b25f4463d9663f31029356e&output=html&source=placeapi_v2,68.0,10:00-22:00,3.5,,,,,,,,4,,,,,,,113.74425804809,23.026965676009,0
de9016c9cde0952388db7344,CoCo都可茶饮(北正店),美食,蛋糕甜品店,广东省,东莞市,,广东省东莞市西正路62号,de9016c9cde0952388db7344,1,0,113.760276,23.048884,18122917485,cater,http://api.map.baidu.com/place/detail?uid=de9016c9cde0952388db7344&output=html&source=placeapi_v2,13.0,11:30-21:00,3.7,,,,,,,,5,,,,,,,,,0
9256e8302ec49dcbf822139e,芒果捞(兆炫科创园提货点),美食,蛋糕甜品店,广东省,东莞市,,广东省东莞市下田墩二巷1号,9256e8302ec49dcbf822139e,1,0,113.740751,23.02866,"(0769)22205099,(0769)28631007",cater,http://api.map.baidu.com/place/detail?uid=9256e8302ec49dcbf822139e&output=html&source=placeapi_v2,28.0,08:00-22:30,3.5,,,,,,,,0,,,,,,,113.74090593574,23.028615179642,0
508db3ffa110630bc42ba1f9,奈雪的茶(万江华南mall店),美食,蛋糕甜品店,广东省,东莞市,,广东省东莞市万道路万江段24号101室060号,edfd369a36b5f9b941d63e5e,1,0,113.731586,23.041846,(0769)28689024,cater,http://api.map.baidu.com/place/detail?uid=508db3ffa110630bc42ba1f9&output=html&source=placeapi_v2,36.0,10:00-22:00,4.0,,,,,,,,4,,,,,,,113.7314740414,23.042000209637,0
1f08e931f9b608dc2b201a32,华南MALL-萌之冰淇淋,美食,蛋糕甜品店,广东省,东莞市,,东莞市万江区万江路南10号华南MALLF1,,1,0,113.733522,23.041595,,cater,http://api.map.baidu.com/place/detail?uid=1f08e931f9b608dc2b201a32&output=html&source=placeapi_v2,,,,,,,,,,,,,,,,,,,,0
5ffb18160147505f6f47606d,思味面包,美食,蛋糕甜品店,广东省,东莞市,,广东省东莞市北隅珊瑚路21号101室,5ffb18160147505f6f47606d,1,0,113.752336,23.056256,(0769)22103893,cater,http://api.map.baidu.com/place/detail?uid=5ffb18160147505f6f47606d&output=html&source=placeapi_v2,28.0,06:00-23:00,3.5,,,,,,,13,2,,,,,,,113.75219513871,23.056273425976,0
d9c3c43f6a644156f82d6105,猫熊煮茶(华南MALL店),美食,蛋糕甜品店,广东省,东莞市,,广东省东莞市万道路华南摩尔BC一楼,,1,0,113.732807,23.041813,"13428560597,15813601773",cater,http://api.map.baidu.com/place/detail?uid=d9c3c43f6a644156f82d6105&output=html&source=placeapi_v2,18.0,10:00-21:30,3.7,,,,,,,,1,,,,,,,,,0
e39705bee514ae285e17c39b,新西兰西饼面包屋,美食,蛋糕甜品店,广东省,东莞市,,东莞市和平路油巷1号之1号,e39705bee514ae285e17c39b,1,0,113.751963,23.05274,(0769)22248732,cater,http://api.map.baidu.com/place/detail?uid=e39705bee514ae285e17c39b&output=html&source=placeapi_v2,9.0,07:00-19:00,3.7,,,,,,,,3,,,,,,,,,0
6d2596eefc37ae97d12dd6ce,阿宝糖水,美食,蛋糕甜品店,广东省,东莞市,,东莞市胜和社区蠔岗宿舍南面通发楼403号一楼,6d2596eefc37ae97d12dd6ce,1,0,113.748876,23.031529,,cater,http://api.map.baidu.com/place/detail?uid=6d2596eefc37ae97d12dd6ce&output=html&source=placeapi_v2,,,,,,,,,,,,,,,,,,,,0
c4ccf2b7dd13eb8c3ce23155,新村豆浆豆腐花,美食,蛋糕甜品店,广东省,东莞市,,广东省东莞市光明路新光明市场新村66号铺,c4ccf2b7dd13eb8c3ce23155,1,0,113.757183,23.051437,,cater,http://api.map.baidu.com/place/detail?uid=c4ccf2b7dd13eb8c3ce23155&output=html&source=placeapi_v2,5.0,06:30-18:30,4.0,,,,,,,,0,,,,,,,,,0
0b537df2ceefd5e5da2f28a2,杏林春凉茶(泰新路店),美食,蛋糕甜品店,广东省,东莞市,,东莞市泰新路南29号,0b537df2ceefd5e5da2f28a2,1,0,113.723619,23.049486,"13650461658,13924353621",cater,http://api.map.baidu.com/place/detail?uid=0b537df2ceefd5e5da2f28a2&output=html&source=placeapi_v2,11.0,08:30-22:30,3.5,,,,,,,,1,,,,,,,113.72363911465,23.049581379614,0
644b469d7fbf856ecae33cc9,黄振龙凉茶(北正路店),美食,蛋糕甜品店,广东省,东莞市,,广东省东莞市北正路27号,644b469d7fbf856ecae33cc9,1,0,113.760081,23.049394,(0769)22220677,cater,http://api.map.baidu.com/place/detail?uid=644b469d7fbf856ecae33cc9&output=html&source=placeapi_v2,10.0,08:00-20:00,0,,,,,,,,1,,,,,,,,,0
3a0a78bd5878eee363180969,大良甜品店(金泽店),美食,蛋糕甜品店,广东省,东莞市,,广东省东莞市草岭路金泽花园b5号b5号铺,3a0a78bd5878eee363180969,1,0,113.7774,23.03941,(0769)22344169,cater,http://api.map.baidu.com/place/detail?uid=3a0a78bd5878eee363180969&output=html&source=placeapi_v2,18.0,12:00-24:00,3.8,,,,,,,,6,,,,,,,113.77728584734,23.039407301084,0
db9681c33c888672c6effb01,DQ(万达广场东莞东城店),美食,蛋糕甜品店,广东省,东莞市,,广东省东莞市东城街道主山社区东纵路208号万达广场F3,db9681c33c888672c6effb01,1,0,113.787909,23.040699,(0769)22243005,cater,http://api.map.baidu.com/place/detail?uid=db9681c33c888672c6effb01&output=html&source=placeapi_v2,27.0,10:00-22:00,4.6,,,,,,,,15,,,,,,,113.78577,23.041458009508,0
cd33c582432a57d835b06c3b,零度蛋糕(银山大道店),美食,蛋糕甜品店,广东省,东莞市,,广东省东莞市银山大街32号,cd33c582432a57d835b06c3b,1,0,113.787127,23.04468,13662720884,cater,http://api.map.baidu.com/place/detail?uid=cd33c582432a57d835b06c3b&output=html&source=placeapi_v2,30.0,08:00-22:00,3.4,,,,,,,,9,,,,,,,113.78710054649,23.044739572144,0
6fbb3065a1b88f42ae080f0e,南洋大师傅(金街店),美食,蛋糕甜品店,广东省,东莞市,,广东省东莞市东城街道主山社区东纵路208号万达广场F3,6fbb3065a1b88f42ae080f0e,1,0,113.787316,23.040293,,cater,http://api.map.baidu.com/place/detail?uid=6fbb3065a1b88f42ae080f0e&output=html&source=placeapi_v2,32.0,10:30-21:00,3.8,,,,,,,,1,,,,,,,113.78577,23.041458009508,0
9ee7cc78176dd20d16c90528,华洋饼家(旗峰路店),美食,蛋糕甜品店,广东省,东莞市,,广东省东莞市东城南路168号新世纪第一居b15铺,9ee7cc78176dd20d16c90528,1,0,113.784608,23.027793,(0769)22217328,cater,http://api.map.baidu.com/place/detail?uid=9ee7cc78176dd20d16c90528&output=html&source=placeapi_v2,14.0,06:30-22:30,3.9,,,,,,,23,8,,,,,,,113.78466599483,23.027853167407,0
72e57fd7a79f56b6f8dc856e,哥顿蛋糕(步步高店),美食,蛋糕甜品店,广东省,东莞市,,广东省东莞市万兴路123号,72e57fd7a79f56b6f8dc856e,1,0,113.776623,23.052101,18998015042,cater,http://api.map.baidu.com/place/detail?uid=72e57fd7a79f56b6f8dc856e&output=html&source=placeapi_v2,8.0,07:00-23:00,3.8,,,,,,,,4,,,,,,,113.77673344964,23.051959842699,0
4a30efaf97e7780046572684,年记甜品,美食,蛋糕甜品店,广东省,东莞市,,广东省东莞市槌子大街20号,4a30efaf97e7780046572684,1,0,113.788304,23.045569,15876487807,cater,http://api.map.baidu.com/place/detail?uid=4a30efaf97e7780046572684&output=html&source=placeapi_v2,17.0,12:30-02:00,3.8,,,,,,,,0,,,,,,,113.78821353624,23.045573022427,0
cb11306c64ea9d27eaf8530d,台北疯豆台式豆花刨冰(雍华庭店),美食,蛋糕甜品店,广东省,东莞市,,广东省东莞市步行街b73号b区,cb11306c64ea9d27eaf8530d,1,0,113.776002,23.039483,(0769)23130806,cater,http://api.map.baidu.com/place/detail?uid=cb11306c64ea9d27eaf8530d&output=html&source=placeapi_v2,25.0,11:00-22:00,4.6,,,,,,,,3,,,,,,,113.77595438071,23.039703342092,0
49a02a7a2e3822592b201a24,乐园面包(高田坊店),美食,蛋糕甜品店,广东省,东莞市,,广东省东莞市商业街6号,49a02a7a2e3822592b201a24,1,0,113.787158,23.053407,(0769)22612403,life,http://api.map.baidu.com/place/detail?uid=49a02a7a2e3822592b201a24&output=html&source=placeapi_v2,,05:00-23:00,3.6,,,,,,,66,44,,,,,,,113.78726660995,23.053447323374,0
7d80200e7ee4c20356bfffc3,梨巴王子甜品栈(东湖店),美食,蛋糕甜品店,广东省,东莞市,,广东省东莞市洪山街27号,7d80200e7ee4c20356bfffc3,1,0,113.773981,23.04655,,cater,http://api.map.baidu.com/place/detail?uid=7d80200e7ee4c20356bfffc3&output=html&source=placeapi_v2,,,,,,,,,,,,,,,,,,,,0
ef13a4ac9b0d9ed49d9d68a8,杏林春凉茶(东平店),美食,蛋糕甜品店,广东省,东莞市,,广东省东莞市莞城街道东平街101号铺,ef13a4ac9b0d9ed49d9d68a8,1,0,113.776911,23.03987,(0769)22603993,cater,http://api.map.baidu.com/place/detail?uid=ef13a4ac9b0d9ed49d9d68a8&output=html&source=placeapi_v2,15.0,09:30-21:00,3.8,,,,,,,,1,,,,,,,,,0
559ee72cc3f44cf72b11d18f,甜品世家(罗一新村店),美食,蛋糕甜品店,广东省,东莞市,,广东省东莞市罗一新街15号,559ee72cc3f44cf72b11d18f,1,0,113.775319,23.042441,13413308313,cater,http://api.map.baidu.com/place/detail?uid=559ee72cc3f44cf72b11d18f&output=html&source=placeapi_v2,,11:30-01:00,,,,,,,,,,,,,,,,113.77513393314,23.04237570079,0
bf74e1c920787dcdf11937ba,瑞幸咖啡(万达广场东莞东城店),美食,蛋糕甜品店,广东省,东莞市,,广东省东莞市东城街道主山社区东纵路208号万达广场F2,bf74e1c920787dcdf11937ba,1,0,113.785958,23.041307,4000100100,cater,http://api.map.baidu.com/place/detail?uid=bf74e1c920787dcdf11937ba&output=html&source=placeapi_v2,19.0,07:00-20:00,3.8,,,,,,,,,,,,,,,113.78577,23.041458009508,0
462a5623c92504d399005087,常和甜品饮料,美食,蛋糕甜品店,广东省,东莞市,,广东省东莞市罗沙路35号101,462a5623c92504d399005087,1,0,113.76663,23.043021,(0769)22216021,cater,http://api.map.baidu.com/place/detail?uid=462a5623c92504d399005087&output=html&source=placeapi_v2,13.0,09:00-22:00,3.2,,,,,,,,11,,,,,,,,,0
3453b68c3e9566a8931fc987,甜工馆纯手工甜品(东城店),美食,蛋糕甜品店,广东省,东莞市,,广东省东莞市草岭路1号101室(近尹饺子馆),,1,0,113.777377,23.035309,"13392332719,18374664770",cater,http://api.map.baidu.com/place/detail?uid=3453b68c3e9566a8931fc987&output=html&source=placeapi_v2,,09:30-00:30,3.5,,,,,,,,0,,,,,,,113.77732954721,23.035271280513,0
6909117b7036634f2efaa778,乐园面包(雍华庭店),美食,蛋糕甜品店,广东省,东莞市,,东莞市东平街9号,6909117b7036634f2efaa778,1,0,113.773773,23.040036,(0769)22507687,cater,http://api.map.baidu.com/place/detail?uid=6909117b7036634f2efaa778&output=html&source=placeapi_v2,6.0,06:00-23:00,3.6,,,,,,,,18,,,,,,,113.77370755155,23.039832194939,0
a7fa00d6d582777f88fc067e,志荣蛋糕名店(涡岭店),美食,蛋糕甜品店,广东省,东莞市,,广东省东莞市涡岭商业街19号,a7fa00d6d582777f88fc067e,1,0,113.777635,23.03713,(0769)22321786,cater,http://api.map.baidu.com/place/detail?uid=a7fa00d6d582777f88fc067e&output=html&source=placeapi_v2,13.0,06:00-23:00,3.4,,,,,,,,2,,,,,,,113.77757466065,23.037072400338,0
ae7751a17ca292f2d0ff239d,恒隆蛋挞王(主山店),美食,蛋糕甜品店,广东省,东莞市,,东莞市槌子大街横巷槌子山公园西南侧约130米,ae7751a17ca292f2d0ff239d,1,0,113.788285,23.046425,13652689295,cater,http://api.map.baidu.com/place/detail?uid=ae7751a17ca292f2d0ff239d&output=html&source=placeapi_v2,10.0,07:00-22:00,3.5,,,,,,,,14,,,,,,,113.78819252757,23.046421954519,0
1a8f10415e7bb02b36b06c40,牵小手手工甜品店,美食,蛋糕甜品店,广东省,东莞市,,广东省东莞市万兴路39号,1a8f10415e7bb02b36b06c40,1,0,113.773992,23.050923,,cater,http://api.map.baidu.com/place/detail?uid=1a8f10415e7bb02b36b06c40&output=html&source=placeapi_v2,,,3.4,,,,,,,,,,,,,,,113.77401939561,23.050875410642,0
64089c022745ed6af503b8a0,万达文华酒店大堂酒廊,美食,蛋糕甜品店,广东省,东莞市,,广东省东莞市东纵大道208号东莞万达文华酒店1层,64089c022745ed6af503b8a0,1,0,113.789198,23.039826,(0769)22001888,cater,http://api.map.baidu.com/place/detail?uid=64089c022745ed6af503b8a0&output=html&source=placeapi_v2,107.0,10:00-23:00,3.5,,,,,,,,1,,,,,,,113.7893124693,23.039935673465,0
d042c48bbe988b40afee7a2b,正宗化州糖水(涡岭草岭路店),美食,蛋糕甜品店,广东省,东莞市,,东莞市涡岭草岭路涡岭肉菜市场西南侧约150米,d042c48bbe988b40afee7a2b,1,0,113.777804,23.034403,13240628798,cater,http://api.map.baidu.com/place/detail?uid=d042c48bbe988b40afee7a2b&output=html&source=placeapi_v2,,10:00-22:00,0,,,,,,,,0,,,,,,,113.7777423698,23.034390501219,0
9b406b69cd306096a6da39dd,钟意甜品屋,美食,蛋糕甜品店,广东省,东莞市,,广东省东莞市新三杞新安街南一巷7号103室,9b406b69cd306096a6da39dd,1,0,113.79362,23.040394,18998550009,cater,http://api.map.baidu.com/place/detail?uid=9b406b69cd306096a6da39dd&output=html&source=placeapi_v2,,11:00-01:30,3.6,,,,,,,,1,,,,,,,113.79362084224,23.040435496628,0
61085211b79f75a1c51b751e,乐园面包(主山路店),美食,蛋糕甜品店,广东省,东莞市,,广东省东莞市大井头路64号,61085211b79f75a1c51b751e,1,0,113.794462,23.045131,(0769)22655708,life,http://api.map.baidu.com/place/detail?uid=61085211b79f75a1c51b751e&output=html&source=placeapi_v2,,06:30-22:00,3.3,,,,,,,67,18,,,,,,,113.79446051355,23.045207858056,0
fef46fe8a5d1149588f15ded,唐记甜品店(涡岭店),美食,蛋糕甜品店,广东省,东莞市,,广东省东莞市主山涡岭中央路西七巷二号之三铺,fef46fe8a5d1149588f15ded,1,0,113.780382,23.03143,13929277866,cater,http://api.map.baidu.com/place/detail?uid=fef46fe8a5d1149588f15ded&output=html&source=placeapi_v2,,12:00-24:00,3.6,,,,,,,,1,,,,,,,113.78039786688,23.031366698255,0
b0b74494cf6186812b11d182,壹品糖甜品(澳南店),美食,蛋糕甜品店,广东省,东莞市,,广东省东莞市26巷1号,b0b74494cf6186812b11d182,1,0,113.76595,23.035042,13927283105,cater,http://api.map.baidu.com/place/detail?uid=b0b74494cf6186812b11d182&output=html&source=placeapi_v2,,12:00-01:00,3.6,,,,,,,,0,,,,,,,113.76591004772,23.035088961411,0
5d975bc16ec4c295f7231065,杏林春凉茶(东城西路店),美食,蛋糕甜品店,广东省,东莞市,,广东省东莞市莞城区东城西路200号,5d975bc16ec4c295f7231065,1,0,113.773941,23.042295,"13428432070,13652580702",cater,http://api.map.baidu.com/place/detail?uid=5d975bc16ec4c295f7231065&output=html&source=placeapi_v2,11.0,09:30-21:00,0,,,,,,,,1,,,,,,,113.77398205305,23.042248616725,0
2fcbc9071e2061eec356ac7d,TBOY奶茶店,美食,蛋糕甜品店,广东省,东莞市,,东莞市堑头路祥馨楼13号铺(花街18),2fcbc9071e2061eec356ac7d,1,0,113.772089,23.056661,,cater,http://api.map.baidu.com/place/detail?uid=2fcbc9071e2061eec356ac7d&output=html&source=placeapi_v2,24.0,09:00-22:00,3.5,,,,,,,,3,,,,,,,113.77205198348,23.056752760149,0
3873c09454866392871541cc,米思甜品,美食,蛋糕甜品店,广东省,东莞市,,广东省东莞市南三巷44号,3873c09454866392871541cc,1,0,113.798066,23.049449,13377691870,cater,http://api.map.baidu.com/place/detail?uid=3873c09454866392871541cc&output=html&source=placeapi_v2,,,5,,,,,,,,1,,,,,,,113.79804539123,23.049366402473,0
53349ee3e176ad13220262cd,协和饼食(海联大厦西北),美食,蛋糕甜品店,广东省,东莞市,,东纵路海联大厦1楼(时尚电器城对面),53349ee3e176ad13220262cd,1,0,113.774615,23.044511,,cater,http://api.map.baidu.com/place/detail?uid=53349ee3e176ad13220262cd&output=html&source=placeapi_v2,,09:30-22:00,0.0,,,,,,,,2,,,,,,,113.77458825746,23.044524313882,0
68bdc2e467785ee343e192fb,麦香饼(涡岭商业街店),美食,蛋糕甜品店,广东省,东莞市,,广东省东莞市涡岭商业街62号,68bdc2e467785ee343e192fb,1,0,113.778306,23.036249,15812855819,cater,http://api.map.baidu.com/place/detail?uid=68bdc2e467785ee343e192fb&output=html&source=placeapi_v2,7.0,10:00-22:00,3.5,,,,,,,,1,,,,,,,113.77835111102,23.036291295821,0
8977fc85805063e5e211039d,杏林春凉茶(东城西路二店),美食,蛋糕甜品店,广东省,东莞市,,广东省东莞市峰广场合和街银月楼(东莞市第一教师村附近),8977fc85805063e5e211039d,1,0,113.771728,23.035732,"13428432070,13652580702",cater,http://api.map.baidu.com/place/detail?uid=8977fc85805063e5e211039d&output=html&source=placeapi_v2,13.0,09:30-21:00,3.7,,,,,,,,1,,,,,,,113.77175513663,23.035587975305,0
ca836a7c014fa34d157643b6,小气茶(万达广场东莞东城店),美食,蛋糕甜品店,广东省,东莞市,,广东省东莞市东城街道主山社区东纵路208号万达广场F1,ca836a7c014fa34d157643b6,1,0,113.786732,23.040618,,cater,http://api.map.baidu.com/place/detail?uid=ca836a7c014fa34d157643b6&output=html&source=placeapi_v2,,,0,,,,,,,,0,,,,,,,,,0
6567805565d4a68abadf8fc1,茶邦尼(新世纪豪园店),美食,蛋糕甜品店,广东省,东莞市,,广东省东莞市酒吧街新世纪豪园第一居b2号铺,6567805565d4a68abadf8fc1,1,0,113.785299,23.02725,(0769)23399778,cater,http://api.map.baidu.com/place/detail?uid=6567805565d4a68abadf8fc1&output=html&source=placeapi_v2,14.5,10:00-23:00,3.6,,,,,,,,1,,,,,,,113.78532668057,23.027355387675,0
85d1cdbd62fc81a0e81e972f,杏林春凉茶(澳南店),美食,蛋糕甜品店,广东省,东莞市,,广东省东莞市澳南路23号,85d1cdbd62fc81a0e81e972f,1,0,113.764419,23.037826,(0769)22603993,cater,http://api.map.baidu.com/place/detail?uid=85d1cdbd62fc81a0e81e972f&output=html&source=placeapi_v2,11.0,10:00-22:00,3.5,,,,,,,,0,,,,,,,113.76428117729,23.037673920874,0
f302fd2f90e743f73010af23,花园鲜蔗汁糖水,美食,蛋糕甜品店,广东省,东莞市,,莞城街道堑头路星河幼儿园(堑头路)西北侧约50米,f302fd2f90e743f73010af23,1,0,113.768111,23.054757,13829211197,cater,http://api.map.baidu.com/place/detail?uid=f302fd2f90e743f73010af23&output=html&source=placeapi_v2,,,3.5,,,,,,,,,,,,,,,113.76820401008,23.054710807144,0
517d4f61ae9ee56788fc0634,企鹅家手制甜品店,美食,蛋糕甜品店,广东省,东莞市,,广东省东莞市万寿路37号,517d4f61ae9ee56788fc0634,1,0,113.763289,23.049299,(0769)33212001,cater,http://api.map.baidu.com/place/detail?uid=517d4f61ae9ee56788fc0634&output=html&source=placeapi_v2,24.0,10:00-20:00,3.4,,,,,,,,,,,,,,,113.76321299862,23.049352575768,0
2ba210d7bf34b743da2f2874,帝香蛋糕,美食,蛋糕甜品店,广东省,东莞市,,广东省东莞市大塘头西街19号,2ba210d7bf34b743da2f2874,1,0,113.790642,23.053527,(0769)33232823,cater,http://api.map.baidu.com/place/detail?uid=2ba210d7bf34b743da2f2874&output=html&source=placeapi_v2,,,3.5,,,,,,,,1,,,,,,,113.79058147136,23.053551471684,0
5212a06965e5d2ec1d5800a0,百草园凉茶,美食,蛋糕甜品店,广东省,东莞市,,广东省东莞市东正路81号,5212a06965e5d2ec1d5800a0,1,0,113.76775,23.049268,(0769)22869560,cater,http://api.map.baidu.com/place/detail?uid=5212a06965e5d2ec1d5800a0&output=html&source=placeapi_v2,,09:00-21:00,3.5,,,,,,,,2,,,,,,,113.7676960785,23.049332167837,0
47f6f13bd89367dcc056ac28,麦金香包点坊,美食,蛋糕甜品店,广东省,东莞市,,广东省东莞市温塘石羊街86号,47f6f13bd89367dcc056ac28,1,0,113.823923,23.045557,15992934364,cater,http://api.map.baidu.com/place/detail?uid=47f6f13bd89367dcc056ac28&output=html&source=placeapi_v2,,,3,,,,,,,,1,,,,,,,113.82381738913,23.045547028587,0
9fcb59865523d9de75e5b62b,发记甜品(温竹路店),美食,蛋糕甜品店,广东省,东莞市,,广东省东莞市温竹路106号,9fcb59865523d9de75e5b62b,1,0,113.835219,23.04184,13424280878,cater,http://api.map.baidu.com/place/detail?uid=9fcb59865523d9de75e5b62b&output=html&source=placeapi_v2,,"11:00-14:30,17:00-01:00",,,,,,,,,,,,,,,,113.83519057558,23.041930626473,0
1cd37f47f9316084047ce818,化州冰冻糖水店(祠下工业区一路店),美食,蛋糕甜品店,广东省,东莞市,,东莞市祠下工业区一路温塘国际大厦北侧约90米,1cd37f47f9316084047ce818,1,0,113.828175,23.051538,,cater,http://api.map.baidu.com/place/detail?uid=1cd37f47f9316084047ce818&output=html&source=placeapi_v2,,,,,,,,,,,,,,,,,,113.82816241024,23.051715760935,0
84536aad131c5ef696ca0753,甜心蛋糕店(东莞店),美食,蛋糕甜品店,广东省,东莞市,,广东省东莞市工业路22号,,1,0,113.815338,23.049093,,cater,http://api.map.baidu.com/place/detail?uid=84536aad131c5ef696ca0753&output=html&source=placeapi_v2,,,,,,,,,,,,,,,,,,,,0
c44907723a1b50ff581093ae,杏林春凉茶(温塘二店),美食,蛋糕甜品店,广东省,东莞市,,广东省东莞市莞温路温塘中路589号,c44907723a1b50ff581093ae,1,0,113.827848,23.048088,"13428432070,13652580702",cater,http://api.map.baidu.com/place/detail?uid=c44907723a1b50ff581093ae&output=html&source=placeapi_v2,11.0,08:30-22:30,3.7,,,,,,,,1,,,,,,,113.82782135418,23.047979757755,0
4821d8696d22aa5214b54b09,星弦烘焙工坊,美食,蛋糕甜品店,广东省,东莞市,,广东省东莞市东升路1172~1173号,4821d8696d22aa5214b54b09,1,0,113.813698,23.026634,13450082204,cater,http://api.map.baidu.com/place/detail?uid=4821d8696d22aa5214b54b09&output=html&source=placeapi_v2,,07:00-22:00,3.5,,,,,,,,3,,,,,,,,,0
dff5e7f0f155c48de812e465,潮香饼家,美食,蛋糕甜品店,广东省,东莞市,,广东省东莞市温竹路60号,dff5e7f0f155c48de812e465,1,0,113.835263,23.041872,"13537238011,13549239559",cater,http://api.map.baidu.com/place/detail?uid=dff5e7f0f155c48de812e465&output=html&source=placeapi_v2,,,,,,,,,,,,,,,,,,113.83524190745,23.041941653601,0
6abe8bca84d4366fd4851fdc,天母蓝鸟烘焙(新世纪星城店),美食,蛋糕甜品店,广东省,东莞市,,广东省东莞市学星路新世纪星城嘉荣购物广场一楼120-A铺,6abe8bca84d4366fd4851fdc,1,0,113.807048,23.043482,(0769)22214371,life,http://api.map.baidu.com/place/detail?uid=6abe8bca84d4366fd4851fdc&output=html&source=placeapi_v2,,06:00-23:30,,,,,,,,12,2,,,,,,,113.8072299662,23.043458348017,0
3dc20a06513579cf6fa3ccd6,休闲奶吧,美食,蛋糕甜品店,广东省,东莞市,,东莞市庵元新路银岭工业区东北侧约70米,,1,0,113.816925,23.054015,,cater,http://api.map.baidu.com/place/detail?uid=3dc20a06513579cf6fa3ccd6&output=html&source=placeapi_v2,,,,,,,,,,,,,,,,,,,,0
9ee7cc78fc56a97016c90518,麦好西饼屋(荔湾区店),美食,蛋糕甜品店,广东省,广州市,荔湾区,广东省广州市荔湾区鹤洞路128号,9ee7cc78fc56a97016c90518,1,0,113.24913,23.080038,13724148646,cater,http://api.map.baidu.com/place/detail?uid=9ee7cc78fc56a97016c90518&output=html&source=placeapi_v2,7.0,06:00-24:00,3.7,,,,,,,,4,,,,,,,113.24921715829,23.079913412003,0
c01c93db8b980e27d2f49e7a,京喜蛋糕面包(纸厂店),美食,蛋糕甜品店,广东省,广州市,海珠区,广东省广州市海珠区工业大道中316号,c01c93db8b980e27d2f49e7a,1,0,113.27638,23.0829,13424073301,cater,http://api.map.baidu.com/place/detail?uid=c01c93db8b980e27d2f49e7a&output=html&source=placeapi_v2,,09:00-22:00,4.7,,,,,,,,4,,,,,,,113.27631872381,23.08293979412,0
4b10aa32db43c31c4e2fdfc9,西柠时光,美食,蛋糕甜品店,广东省,广州市,荔湾区,荔湾区环翠北路乐满多生活超市旁,4b10aa32db43c31c4e2fdfc9,1,0,113.26076,23.068985,"15975423635,19902246696",cater,http://api.map.baidu.com/place/detail?uid=4b10aa32db43c31c4e2fdfc9&output=html&source=placeapi_v2,,10:00-24:00,3.4,,,,,,,,1,,,,,,,,,0
f4696470025eb2398e772739,平安堂(环翠北路店),美食,蛋糕甜品店,广东省,广州市,荔湾区,东沙大道金宇花园北1门旁(近环翠北路),f4696470025eb2398e772739,1,0,113.260605,23.068464,13922405423,cater,http://api.map.baidu.com/place/detail?uid=f4696470025eb2398e772739&output=html&source=placeapi_v2,,11:30-23:00,5,,,,,,,,1,,,,,,,113.26057659977,23.068673116748,0
1816533477eea41dfa2d61ee,皇冠·玛莉奥(保利店),美食,蛋糕甜品店,广东省,广州市,海珠区,广东省广州市海珠区工业大道中400号,1816533477eea41dfa2d61ee,1,0,113.280521,23.079465,(020)34118514,cater,http://api.map.baidu.com/place/detail?uid=1816533477eea41dfa2d61ee&output=html&source=placeapi_v2,8.0,06:30-22:30,3.9,,,,,,,,11,,,,,,,113.28066167252,23.07961771212,0
5f79fe4d419b34e731f71d0b,利口福(广船店),美食,蛋糕甜品店,广东省,广州市,荔湾区,广东省广州市荔湾区广州市荔湾区鹤园中一巷一号自编02商铺,5f79fe4d419b34e731f71d0b,1,0,113.247542,23.079452,(020)81534706,cater,http://api.map.baidu.com/place/detail?uid=5f79fe4d419b34e731f71d0b&output=html&source=placeapi_v2,40.0,07:00-22:00,3.6,,,,,,,,44,,,,,,,,,0
0a0164386a0054e71811d522,美心西饼(燕岗站分店),美食,蛋糕甜品店,广东省,广州市,海珠区,广东省广州市海珠区南石头街道广佛线燕岗站HD-GF-4S号铺,0a0164386a0054e71811d522,1,0,113.278456,23.081114,18898452390,cater,http://api.map.baidu.com/place/detail?uid=0a0164386a0054e71811d522&output=html&source=placeapi_v2,70.0,07:30-21:00,3.6,,,,,,,,0,,,,,,,113.27842009755,23.081215636314,0
4ee773d2d0d93c2be8e58233,胜景饼屋,美食,蛋糕甜品店,广东省,广州市,荔湾区,荔湾区聚龙七巷4号(沙涌地铁站A口步行400米),4ee773d2d0d93c2be8e58233,1,0,113.249394,23.087935,"15986329726,18320407933",cater,http://api.map.baidu.com/place/detail?uid=4ee773d2d0d93c2be8e58233&output=html&source=placeapi_v2,,09:30-23:00,3.4,,,,,,,,1,,,,,,,113.24943992638,23.088009457159,0
d38f8ea1f5dec4ca8d7727fa,有甜品美食店,美食,蛋糕甜品店,广东省,广州市,海珠区,广东省广州市海珠区南边路38号,d38f8ea1f5dec4ca8d7727fa,1,0,113.269577,23.084198,"13808847272,18028599259",cater,http://api.map.baidu.com/place/detail?uid=d38f8ea1f5dec4ca8d7727fa&output=html&source=placeapi_v2,,10:00-20:00,,,,,,,,,,,,,,,,,,0
27330143704340f1601809fe,幸福西饼(芳村店),美食,蛋糕甜品店,广东省,广州市,荔湾区,广东省广州市荔湾区坑口大街125号坑口工业区3号一楼,27330143704340f1601809fe,1,0,113.243377,23.082582,(020)81927075,cater,http://api.map.baidu.com/place/detail?uid=27330143704340f1601809fe&output=html&source=placeapi_v2,103.0,09:00-20:00,4.1,,,,,,,,0,,,,,,,113.24339564452,23.082478413251,0
4d14464f39f0caef31f71d1f,美心西饼(凯德乐峰广场工业大道北店),美食,蛋糕甜品店,广东省,广州市,海珠区,广州市海珠区工业大道北106~108号凯德乐峰广场F1,4d14464f39f0caef31f71d1f,1,0,113.265449,23.094033,(020)89268747,cater,http://api.map.baidu.com/place/detail?uid=4d14464f39f0caef31f71d1f&output=html&source=placeapi_v2,98.0,10:00-22:00,4.0,,,,,,,,0,,,,,,,113.26576553308,23.093700207806,0
bc1e4bad23f4e44c6d47604c,奥帝伦烘焙坊,美食,蛋糕甜品店,广东省,广州市,荔湾区,广东省广州市荔湾区一巷9号,bc1e4bad23f4e44c6d47604c,1,0,113.25259,23.088764,13247323148,cater,http://api.map.baidu.com/place/detail?uid=bc1e4bad23f4e44c6d47604c&output=html&source=placeapi_v2,,,3.5,,,,,,,,,,,,,,,113.25268323776,23.08880793176,0
9cbe4a64e4405d1029fc48d0,御饼园糕点,美食,蛋糕甜品店,广东省,广州市,海珠区,广东省广州市海珠区广纸路10号之2之3号,9cbe4a64e4405d1029fc48d0,1,0,113.27707,23.081102,15959147796,cater,http://api.map.baidu.com/place/detail?uid=9cbe4a64e4405d1029fc48d0&output=html&source=placeapi_v2,12.0,06:30-24:00,3.5,,,,,,,,0,,,,,,,,,0
35debf29f6162d5da7da39e4,避风塘(南泰路店),美食,蛋糕甜品店,广东省,广州市,海珠区,广东省广州市海珠区福南新街7号,35debf29f6162d5da7da39e4,1,0,113.275416,23.086845,"(020)84329483,(020)85142580",cater,http://api.map.baidu.com/place/detail?uid=35debf29f6162d5da7da39e4&output=html&source=placeapi_v2,51.0,06:00-22:30,3.6,,,,,,,,18,,,,,,,113.27535610771,23.08697140222,0
65378a64c8a827d06c476052,大萌儿童蛋糕专家,美食,蛋糕甜品店,广东省,广州市,海珠区,广东省广州市海珠区石岗路21号绿地滨江汇汇金楼19栋1楼128号铺,65378a64c8a827d06c476052,1,0,113.279563,23.071111,"(020)89117403,18011932826",cater,http://api.map.baidu.com/place/detail?uid=65378a64c8a827d06c476052&output=html&source=placeapi_v2,132.0,09:00-19:00,4.4,,,,,,,,,,,,,,,113.27997857137,23.070933269519,0
b4b966021c022f4a6849f3d8,麦语家园(东漖南路店),美食,蛋糕甜品店,广东省,广州市,荔湾区,广东省广州市荔湾区鹤洞路176号,b4b966021c022f4a6849f3d8,1,0,113.245524,23.077867,13728095584,cater,http://api.map.baidu.com/place/detail?uid=b4b966021c022f4a6849f3d8&output=html&source=placeapi_v2,,06:00-24:00,,,,,,,,,,,,,,,,113.24556502627,23.077906019284,0
af6f62aaadd6bedb75e5b6dc,真好嘢凉茶(益百超级广场店),美食,蛋糕甜品店,广东省,广州市,海珠区,广东省广州市海珠区南箕路4号,af6f62aaadd6bedb75e5b6dc,1,0,113.276296,23.079895,,cater,http://api.map.baidu.com/place/detail?uid=af6f62aaadd6bedb75e5b6dc&output=html&source=placeapi_v2,5.0,07:00-23:00,3.6,,,,,,,,15,,,,,,,113.27639693208,23.079856831637,0
50e168902246386a9f09f7dd,面包蛋糕专卖店,美食,蛋糕甜品店,广东省,广州市,荔湾区,广州市荔湾区东漖南路广钢鹤平小区北门东南侧约80米,50e168902246386a9f09f7dd,1,0,113.245359,23.077924,,cater,http://api.map.baidu.com/place/detail?uid=50e168902246386a9f09f7dd&output=html&source=placeapi_v2,,,,,,,,,,,,,,,,,,113.24544906132,23.078010373032,0
edd64ce135df6a883ee23183,千麦贝饼坊(纸厂路店),美食,蛋糕甜品店,广东省,广州市,海珠区,广东省广州市海珠区纸厂路8号M铺(近广纸医院),edd64ce135df6a883ee23183,1,0,113.277447,23.081176,(020)84264692,cater,http://api.map.baidu.com/place/detail?uid=edd64ce135df6a883ee23183&output=html&source=placeapi_v2,8.0,06:30-23:00,3.5,,,,,,,,9,,,,,,,113.27745810218,23.081120686118,0
d0f9774970ddc8d3aecb66a2,麦风西饼店,美食,蛋糕甜品店,广东省,广州市,海珠区,广东省广州市海珠区南箕路188号273号之25号,d0f9774970ddc8d3aecb66a2,1,0,113.276271,23.075291,13431025002,cater,http://api.map.baidu.com/place/detail?uid=d0f9774970ddc8d3aecb66a2&output=html&source=placeapi_v2,,08:00-22:00,3.5,,,,,,,,0,,,,,,,113.27618414147,23.075295793366,0
7ec4a169f39e6e6e3c9a5ec7,希意茶饮甜品,美食,蛋糕甜品店,广东省,广州市,海珠区,广东省广州市海珠区石岗路绿地滨江汇汇鑫楼27栋103铺,7ec4a169f39e6e6e3c9a5ec7,1,0,113.280181,23.072452,18922408600,cater,http://api.map.baidu.com/place/detail?uid=7ec4a169f39e6e6e3c9a5ec7&output=html&source=placeapi_v2,,14:00-24:00,3.4,,,,,,,,,,,,,,,113.28066107066,23.072249355409,0
1876438b4cab14ccab059d44,CoCo都可茶饮(乐峰店),美食,蛋糕甜品店,广东省,广州市,海珠区,广州市海珠区工业大道北106~108号凯德乐峰广场B2,1876438b4cab14ccab059d44,1,0,113.265778,23.09487,18802068481,cater,http://api.map.baidu.com/place/detail?uid=1876438b4cab14ccab059d44&output=html&source=placeapi_v2,15.0,10:30-21:30,4.4,,,,,,,,175,,,,,,,113.265282,23.093394010449,0
43b7e889161ac87358f6be5e,黄振龙凉茶(纸厂路店),美食,蛋糕甜品店,广东省,广州市,海珠区,广东广州市海珠区广纸路6~8号,43b7e889161ac87358f6be5e,1,0,113.277322,23.081209,(020)84306806,cater,http://api.map.baidu.com/place/detail?uid=43b7e889161ac87358f6be5e&output=html&source=placeapi_v2,20.0,08:00-23:00,4.7,,,,,,,,21,,,,,,,,,0
27a7dab2076153d1f82213b5,靓点(纸厂店),美食,蛋糕甜品店,广东省,广州市,海珠区,广东省广州市海珠区广纸路2~4号104铺,27a7dab2076153d1f82213b5,1,0,113.277718,23.081229,13688858778,cater,http://api.map.baidu.com/place/detail?uid=27a7dab2076153d1f82213b5&output=html&source=placeapi_v2,12.0,06:00-19:00,3.6,,,,,,,46,19,,,,,,,,,0
e2dfbd5f9df85efe8d77271e,租传秘方顺伟凉茶王,美食,蛋糕甜品店,广东省,广州市,海珠区,广州市海珠区南边路鸡春岗新街1号小区西侧约50米,e2dfbd5f9df85efe8d77271e,1,0,113.271491,23.082368,,cater,http://api.map.baidu.com/place/detail?uid=e2dfbd5f9df85efe8d77271e&output=html&source=placeapi_v2,,,,,,,,,,,,,,,,,,113.27142074445,23.08249246641,0
1cea15a954e08fdc07fef5c8,美心西饼,美食,蛋糕甜品店,广东省,广州市,海珠区,广东省广州市海珠区南洲北路晓港湾英华街19、21号首层A020鋪,1cea15a954e08fdc07fef5c8,1,0,113.300474,23.07744,(020)84158923,cater,http://api.map.baidu.com/place/detail?uid=1cea15a954e08fdc07fef5c8&output=html&source=placeapi_v2,62.0,07:30-22:00,3.8,,,,,,,,4,,,,,,,113.30050087726,23.077502918652,0
7fc326559d18cd2cfa22135c,沪上酥铺(东晓南店),美食,蛋糕甜品店,广东省,广州市,海珠区,广东省广州市海珠区英华街22-54号,7fc326559d18cd2cfa22135c,1,0,113.300848,23.07697,17345911958,cater,http://api.map.baidu.com/place/detail?uid=7fc326559d18cd2cfa22135c&output=html&source=placeapi_v2,20.0,08:30-22:30,3.9,,,,,,,,1,,,,,,,113.30096580336,23.077063631932,0
96bd3efbb1eae02ef22d839f,HOS手工蛋糕(晓港湾店),美食,蛋糕甜品店,广东省,广州市,海珠区,广东省广州市海珠区五期b2栋1楼102室,96bd3efbb1eae02ef22d839f,1,0,113.301306,23.076269,,cater,http://api.map.baidu.com/place/detail?uid=96bd3efbb1eae02ef22d839f&output=html&source=placeapi_v2,,,,,,,,,,,,,,,,,,113.30103209112,23.076294599871,0
7ffe11104b76aaafb04c49c1,田园唛语蛋糕坊(瑞宝店),美食,蛋糕甜品店,广东省,广州市,海珠区,广东省广州市海珠区瑞海街西马路5号,7ffe11104b76aaafb04c49c1,1,0,113.304173,23.079984,13533067530,cater,http://api.map.baidu.com/place/detail?uid=7ffe11104b76aaafb04c49c1&output=html&source=placeapi_v2,12.0,00:00-24:00,3.4,,,,,,,,,,,,,,,113.30421287685,23.079994687157,0
3bc8cc161a81dd0117948e3d,柠舍(东晓南店),美食,蛋糕甜品店,广东省,广州市,海珠区,广东省广州市海珠区英华街16号,3bc8cc161a81dd0117948e3d,1,0,113.299872,23.076541,13380097716,cater,http://api.map.baidu.com/place/detail?uid=3bc8cc161a81dd0117948e3d&output=html&source=placeapi_v2,16.0,14:00-22:00,3.9,,,,,,,,0,,,,,,,,,0
50c27a134108951bf7231024,森林制作·私人定制蛋糕(侨城花园店),美食,蛋糕甜品店,广东省,广州市,海珠区,广东省广州市海珠区侨城路18号铺,,1,0,113.297675,23.074972,13316104219,cater,http://api.map.baidu.com/place/detail?uid=50c27a134108951bf7231024&output=html&source=placeapi_v2,,10:00-22:00,5,,,,,,,,15,,,,,,,113.29763413645,23.075024555604,0
72cfbdc7c84a89509de321c2,贝克达人(侨兴路店),美食,蛋糕甜品店,广东省,广州市,海珠区,广东省广州市海珠区文华街62号,72cfbdc7c84a89509de321c2,1,0,113.298755,23.076594,13822291919,cater,http://api.map.baidu.com/place/detail?uid=72cfbdc7c84a89509de321c2&output=html&source=placeapi_v2,11.0,06:00-23:00,3.8,,,,,,,,0,,,,,,,113.29870803194,23.076676344727,0
9596f90f664f13e7990050cc,长乐饼屋(文华店),美食,蛋糕甜品店,广东省,广州市,海珠区,广东省广州市海珠区文华街首层92号,9596f90f664f13e7990050cc,1,0,113.299089,23.075985,(020)34010365,cater,http://api.map.baidu.com/place/detail?uid=9596f90f664f13e7990050cc&output=html&source=placeapi_v2,19.0,07:00-23:00,3.5,,,,,,,,0,,,,,,,,,0
f28c78c478475d6f0bf5eb2b,大卡司(海珠新都荟广场店),美食,蛋糕甜品店,广东省,广州市,海珠区,广东省广州市海珠区东晓南路1290号新光百货(海珠新都荟广场店)F1海珠新都荟广场F1,f28c78c478475d6f0bf5eb2b,1,0,113.299445,23.078556,13825126392,cater,http://api.map.baidu.com/place/detail?uid=f28c78c478475d6f0bf5eb2b&output=html&source=placeapi_v2,13.0,09:00-22:30,3.7,,,,,,,,1,,,,,,,113.29872103581,23.07836223054,0
275f39a1abbd1cd5f13cbaa0,谷雨烘焙工作室,美食,蛋糕甜品店,广东省,广州市,海珠区,广东省广州市海珠区英华街172号,,1,0,113.299886,23.076357,19927597795,cater,http://api.map.baidu.com/place/detail?uid=275f39a1abbd1cd5f13cbaa0&output=html&source=placeapi_v2,,09:00-19:00,3.8,,,,,,,,,,,,,,,113.30004153862,23.07625326039,0
b175ca59274b4f2ff5b91649,心晴轩面包蛋糕,美食,蛋糕甜品店,广东省,广州市,海珠区,广东省广州市海珠区南洲北路西滘西街18号南院,b175ca59274b4f2ff5b91649,1,0,113.30605,23.077332,13533397003,cater,http://api.map.baidu.com/place/detail?uid=b175ca59274b4f2ff5b91649&output=html&source=placeapi_v2,8.0,07:30-22:00,3.5,,,,,,,,1,,,,,,,113.30586141298,23.077253466071,0
59b93467f4e44c06601c6757,三点半艺术烘焙(东晓南店),美食,蛋糕甜品店,广东省,广州市,海珠区,广东省广州市海珠区英华街46号,59b93467f4e44c06601c6757,1,0,113.299708,23.075977,18026248311,cater,http://api.map.baidu.com/place/detail?uid=59b93467f4e44c06601c6757&output=html&source=placeapi_v2,66.0,10:30-19:00,0,,,,,,,,0,,,,,,,,,0
02affaaf4d9e8d70593ac827,D.Cake纯天然欧式蛋糕(东晓南店),美食,蛋糕甜品店,广东省,广州市,海珠区,广州市海珠区爱都二街爱都铭轩,02affaaf4d9e8d70593ac827,1,0,113.305115,23.072143,"13316132487,4008080665",cater,http://api.map.baidu.com/place/detail?uid=02affaaf4d9e8d70593ac827&output=html&source=placeapi_v2,46.0,09:00-21:00,4.2,,,,,,,,20,,,,,,,,,0
f85907e3140c2e3c2102202e,超润甜品(晓港湾店),美食,蛋糕甜品店,广东省,广州市,海珠区,广东省广州市海珠区南洲路英华街82号,f85907e3140c2e3c2102202e,1,0,113.299749,23.075314,13719317155,cater,http://api.map.baidu.com/place/detail?uid=f85907e3140c2e3c2102202e&output=html&source=placeapi_v2,13.0,11:00-03:00,4.2,,,,,,,,18,,,,,,,,,0
2771539671b2635af82d6163,壹品烘焙,美食,蛋糕甜品店,广东省,广州市,海珠区,广东省广州市海珠区东晓南路海珠智汇科技园A1栋瑞宝瑞兴街109号,2771539671b2635af82d6163,1,0,113.297585,23.080386,18688487661,cater,http://api.map.baidu.com/place/detail?uid=2771539671b2635af82d6163&output=html&source=placeapi_v2,26.0,08:30-23:30,4.0,,,,,,,,,,,,,,,113.29747583705,23.080476230787,0
57c05dc00cd913993010af7e,CoCo都可茶饮(文华店),美食,蛋糕甜品店,广东省,广州市,海珠区,广东省广州市海珠区文华街64号二区1楼,57c05dc00cd913993010af7e,1,0,113.29884,23.07661,15820253760,cater,http://api.map.baidu.com/place/detail?uid=57c05dc00cd913993010af7e&output=html&source=placeapi_v2,14.0,10:30-23:30,4.2,,,,,,,,0,,,,,,,113.29878730111,23.076263549317,0
75dd6f9429436206f33cba86,宝兴蛋糕店,美食,蛋糕甜品店,广东省,广州市,海珠区,广东省广州市海珠区东宁大街6号,75dd6f9429436206f33cba86,1,0,113.298779,23.084986,15118881854,cater,http://api.map.baidu.com/place/detail?uid=75dd6f9429436206f33cba86&output=html&source=placeapi_v2,,00:00-24:00,3.5,,,,,,,,,,,,,,,,,0
2c4430ace0d4e127e215f92c,六个鸡蛋烘焙坊,美食,蛋糕甜品店,广东省,广州市,海珠区,海珠区西滘进贤大街22号,,1,0,113.307155,23.072025,18637197231,cater,http://api.map.baidu.com/place/detail?uid=2c4430ace0d4e127e215f92c&output=html&source=placeapi_v2,,,3.8,,,,,,,,0,,,,,,,,,0
ffe71b8b6d5196539cf779f6,润心堂凉茶(瑞宝村新大街店),美食,蛋糕甜品店,广东省,广州市,海珠区,广东省广州市海珠区瑞康大街21号,ffe71b8b6d5196539cf779f6,1,0,113.300095,23.080729,,cater,http://api.map.baidu.com/place/detail?uid=ffe71b8b6d5196539cf779f6&output=html&source=placeapi_v2,,09:00-22:00,0,,,,,,,,1,,,,,,,,,0
06ad1a703479dd90c72ba170,皇廷佳麦西饼(瑞宝店),美食,蛋糕甜品店,广东省,广州市,海珠区,广东省广州市海珠区聚源大街六巷8号三社13号,06ad1a703479dd90c72ba170,1,0,113.299434,23.084729,18820136373,cater,http://api.map.baidu.com/place/detail?uid=06ad1a703479dd90c72ba170&output=html&source=placeapi_v2,20.0,06:00-01:00,4,,,,,,,,1,,,,,,,113.29944351508,23.084667651076,0
04ca8de1fa9ed6fe7069d39c,熊猫不走蛋糕(海珠店),美食,蛋糕甜品店,广东省,广州市,海珠区,广东省广州市海珠区新业路东篱创新谷绿谷2025号,04ca8de1fa9ed6fe7069d39c,1,0,113.291442,23.072461,(020)22512736,cater,http://api.map.baidu.com/place/detail?uid=04ca8de1fa9ed6fe7069d39c&output=html&source=placeapi_v2,112.0,07:30-23:30,4.1,,,,,,,,0,,,,,,,113.29140741214,23.072395330345,0
3a4feab88cdf7a2c2902e1cf,潮汕绿豆饼(瑞宝街南洲名苑社区卫生服务站东),美食,蛋糕甜品店,广东省,广州市,海珠区,海珠区八天宾馆(盈中路)西滘大街2号二十巷,3a4feab88cdf7a2c2902e1cf,1,0,113.30763,23.07308,13728097439,cater,http://api.map.baidu.com/place/detail?uid=3a4feab88cdf7a2c2902e1cf&output=html&source=placeapi_v2,,08:00-20:00,3.5,,,,,,,,,,,,,,,,,0
f4c81a11866f591cafee7a91,浓心爷爷现烤面包(南洲店),美食,蛋糕甜品店,广东省,广州市,海珠区,广东省广州市海珠区南洲北路燕安1街23号铺,f4c81a11866f591cafee7a91,1,0,113.309648,23.076755,13711206932,cater,http://api.map.baidu.com/place/detail?uid=f4c81a11866f591cafee7a91&output=html&source=placeapi_v2,13.0,06:30-10:00,3.6,,,,,,,,,,,,,,,,,0
0f1f947e6f300eb1f4e73bec,丽萨瑞纳(工业大道店),美食,蛋糕甜品店,广东省,广州市,海珠区,广东省广州市海珠区工业大道746号,0f1f947e6f300eb1f4e73bec,1,0,113.293477,23.073391,(020)89605099,cater,http://api.map.baidu.com/place/detail?uid=0f1f947e6f300eb1f4e73bec&output=html&source=placeapi_v2,15.0,06:00-23:00,4.4,,,,,,,,26,,,,,,,113.29338869161,23.073432390436,0
bdd7839edd525231d92f2890,Hengxiang Cake,美食,蛋糕甜品店,广东省,广州市,海珠区,广州市海珠区西滘进贤大街恒洲小苑北侧,bdd7839edd525231d92f2890,1,0,113.307218,23.072847,"13535625894,13539918017",cater,http://api.map.baidu.com/place/detail?uid=bdd7839edd525231d92f2890&output=html&source=placeapi_v2,,,0,,,,,,,,0,,,,,,,,,0
3fcfd4c22494952e9a68b4f7,大干围蛋糕店,美食,蛋糕甜品店,广东省,广州市,海珠区,广东省广州市海珠区沥滘路10号6栋309室,,1,0,113.300004,23.064681,,cater,http://api.map.baidu.com/place/detail?uid=3fcfd4c22494952e9a68b4f7&output=html&source=placeapi_v2,,,,,,,,,,,,,,,,,,,,0
9ee392b8e1d4e958babd63f1,雪贝尔艺术蛋糕坊(逸景翠园店),美食,蛋糕甜品店,广东省,广州市,海珠区,广东省广州市海珠区逸景路300号,9ee392b8e1d4e958babd63f1,1,0,113.315001,23.088459,(020)62767768,cater,http://api.map.baidu.com/place/detail?uid=9ee392b8e1d4e958babd63f1&output=html&source=placeapi_v2,20.0,07:30-23:30,3.5,,,,,,,,2,,,,,,,113.31502288233,23.088263334707,0
4262c60b912a2e8f841541d1,利口福(石溪店),美食,蛋糕甜品店,广东省,广州市,海珠区,广东省广州市海珠区工业大道南740号,4262c60b912a2e8f841541d1,1,0,113.292884,23.073327,(020)89621524,cater,http://api.map.baidu.com/place/detail?uid=4262c60b912a2e8f841541d1&output=html&source=placeapi_v2,28.0,09:00-22:00,0,,,,,,,,0,,,,,,,113.29315335982,23.073202193486,0
f7f3903a452e0ec1250bd082,Nice奶思甜品实验室(万科里店),美食,蛋糕甜品店,广东省,广州市,海珠区,广州市海珠区江燕路99号万科里公寓1819房,,1,0,113.285913,23.088654,15917372430,cater,http://api.map.baidu.com/place/detail?uid=f7f3903a452e0ec1250bd082&output=html&source=placeapi_v2,118.0,10:00-20:00,4.6,,,,,,,,2,,,,,,,,,0
e95aaee2bc32e8aec51e5127,莲香楼(工业大道店),美食,蛋糕甜品店,广东省,广州市,海珠区,广东省广州市海珠区工业大道石岗路2号,e95aaee2bc32e8aec51e5127,1,0,113.283884,23.077355,(020)34131604,cater,http://api.map.baidu.com/place/detail?uid=e95aaee2bc32e8aec51e5127&output=html&source=placeapi_v2,12.0,07:00-21:00,3.7,,,,,,,,6,,,,,,,113.2838689879,23.077362727241,0
3a0a78bd41dee7e362180993,元祖食品(江燕店),美食,蛋糕甜品店,广东省,广州市,海珠区,广东广州市海珠区江燕路245号,3a0a78bd41dee7e362180993,1,0,113.285065,23.085963,(020)34368159,cater,http://api.map.baidu.com/place/detail?uid=3a0a78bd41dee7e362180993&output=html&source=placeapi_v2,42.0,09:00-22:00,3.8,,,,,,,,13,,,,,,,113.28487316411,23.085952188516,0
7069a98893573c2021f017f1,超润甜品(南洲店),美食,蛋糕甜品店,广东省,广州市,海珠区,广东省广州市海珠区17巷1号,7069a98893573c2021f017f1,1,0,113.307047,23.07222,13922244725,cater,http://api.map.baidu.com/place/detail?uid=7069a98893573c2021f017f1&output=html&source=placeapi_v2,10.0,09:30-02:00,0,,,,,,,,0,,,,,,,,,0
13e0b80143de94b7ef74f892,华福西饼,美食,蛋糕甜品店,广东省,广州市,海珠区,广东省广州市海珠区工业大道南561-6号,13e0b80143de94b7ef74f892,1,0,113.289302,23.075778,18278400359,cater,http://api.map.baidu.com/place/detail?uid=13e0b80143de94b7ef74f892&output=html&source=placeapi_v2,,06:00-23:00,3.6,,,,,,,,0,,,,,,,,,0
4642844a9628f7c0c8fa5f91,盈心西饼(泰宁店),美食,蛋糕甜品店,广东省,广州市,海珠区,广东省广州市海珠区泰沙路40号,4642844a9628f7c0c8fa5f91,1,0,113.292041,23.090533,(020)84270735,cater,http://api.map.baidu.com/place/detail?uid=4642844a9628f7c0c8fa5f91&output=html&source=placeapi_v2,8.0,06:30-00:30,3.5,,,,,,,,1,,,,,,,113.29209812573,23.090529843412,0
83b5af3cc409645e79dbd2f1,颂乐芙烘焙,美食,蛋糕甜品店,广东省,广州市,海珠区,广东省广州市海珠区蚝壳洲东街19号,83b5af3cc409645e79dbd2f1,1,0,113.289846,23.071355,15521383884,cater,http://api.map.baidu.com/place/detail?uid=83b5af3cc409645e79dbd2f1&output=html&source=placeapi_v2,,07:30-23:30,3.6,,,,,,,,,,,,,,,113.28978157817,23.07129459794,0
984b962065da30755e0d021e,麦语家园(石溪店),美食,蛋糕甜品店,广东省,广州市,海珠区,广东省广州市海珠区工业大道中383-3号,984b962065da30755e0d021e,1,0,113.28775,23.075139,"13268073279,13500227761",cater,http://api.map.baidu.com/place/detail?uid=984b962065da30755e0d021e&output=html&source=placeapi_v2,,06:00-24:00,3.5,,,,,,,,0,,,,,,,113.28783016486,23.075091265044,0
0c1683822f0350dc9cec2b51,开心点(逸景翠园店),美食,蛋糕甜品店,广东省,广州市,海珠区,广东省广州市海珠区芳盛街83号,0c1683822f0350dc9cec2b51,1,0,113.310793,23.08906,13535138236,cater,http://api.map.baidu.com/place/detail?uid=0c1683822f0350dc9cec2b51&output=html&source=placeapi_v2,,10:00-22:00,3.5,,,,,,,,0,,,,,,,113.31067354846,23.089065423043,0
593850fbbcf50d44de1e52ed,丽之都饼店(江燕店),美食,蛋糕甜品店,广东省,广州市,海珠区,广东省广州市海珠区江燕路216号,593850fbbcf50d44de1e52ed,1,0,113.284173,23.084508,(020)34362987,cater,http://api.map.baidu.com/place/detail?uid=593850fbbcf50d44de1e52ed&output=html&source=placeapi_v2,11.0,05:30-23:30,3.7,,,,,,,,10,,,,,,,113.2841998446,23.084500314983,0
fc14dd8f664327e8fb2d61ed,利口福(江泰店),美食,蛋糕甜品店,广东省,广州市,海珠区,广东省广州市海珠区南珠路20-28号,fc14dd8f664327e8fb2d61ed,1,0,113.286571,23.087043,(020)34368390,cater,http://api.map.baidu.com/place/detail?uid=fc14dd8f664327e8fb2d61ed&output=html&source=placeapi_v2,14.0,07:00-22:00,3.5,,,,,,,,12,,,,,,,113.28653033296,23.087129229703,0
6cb107eb649f9206a1046440,汝好甜品店(石溪店),美食,蛋糕甜品店,广东省,广州市,海珠区,广东省广州市海珠区南社街4巷1号,6cb107eb649f9206a1046440,1,0,113.287394,23.074491,13724893573,cater,http://api.map.baidu.com/place/detail?uid=6cb107eb649f9206a1046440&output=html&source=placeapi_v2,10.0,09:00-18:00,3.4,,,,,,,,21,,,,,,,113.28731610594,23.074567750803,0
3a20e1e1f4a42da28433049b,麦香园(泰沙路店),美食,蛋糕甜品店,广东省,广州市,海珠区,广东省广州市海珠区金紫里南街25号,3a20e1e1f4a42da28433049b,1,0,113.293648,23.087587,15622182529,cater,http://api.map.baidu.com/place/detail?uid=3a20e1e1f4a42da28433049b&output=html&source=placeapi_v2,,10:00-22:00,3.0,,,,,,,,,,,,,,,113.29361404772,23.087443036271,0
022188350794f99709a8d424,出品靓面包西饼店(泰沙分店),美食,蛋糕甜品店,广东省,广州市,海珠区,海珠区新滘西路第二金碧花园泰沙肉菜市场,022188350794f99709a8d424,1,0,113.287626,23.077841,13719278393,cater,http://api.map.baidu.com/place/detail?uid=022188350794f99709a8d424&output=html&source=placeapi_v2,,06:00-21:00,3.4,,,,,,,,0,,,,,,,113.28747148944,23.07806881063,0
f9a4bdac04240d2acb1b9538,陆点零甜点工作室,美食,蛋糕甜品店,广东省,广州市,海珠区,广东省广州市海珠区蚝壳州东街11号青创城二号楼二楼T28E06房,f9a4bdac04240d2acb1b9538,1,0,113.289708,23.072261,18588606084,cater,http://api.map.baidu.com/place/detail?uid=f9a4bdac04240d2acb1b9538&output=html&source=placeapi_v2,80.0,09:00-19:00,5,,,,,,,,2,,,,,,,,,0
463435e44cbcbc97dbd891be,出品靓面包店,美食,蛋糕甜品店,广东省,广州市,海珠区,海珠区富全街72号E1铺,463435e44cbcbc97dbd891be,1,0,113.288725,23.074086,13242781226,cater,http://api.map.baidu.com/place/detail?uid=463435e44cbcbc97dbd891be&output=html&source=placeapi_v2,,,3.5,,,,,,,,1,,,,,,,113.28866422895,23.074114777294,0
8dd9dc9e63d9cd44861541e3,阿贞点心屋,美食,蛋糕甜品店,广东省,广州市,海珠区,广东省广州市海珠区涌边街21号4楼503,8dd9dc9e63d9cd44861541e3,1,0,113.286013,23.073679,13711626082,cater,http://api.map.baidu.com/place/detail?uid=8dd9dc9e63d9cd44861541e3&output=html&source=placeapi_v2,,,3.5,,,,,,,,0,,,,,,,113.28611035178,23.073703387902,0
f7451a719ca8db95b45f1ecb,积顺凉茶行(海珠分店),美食,蛋糕甜品店,广东省,广州市,海珠区,广州市海珠区盈丰路南洲花苑南侧,f7451a719ca8db95b45f1ecb,1,0,113.311046,23.074661,17620054349,cater,http://api.map.baidu.com/place/detail?uid=f7451a719ca8db95b45f1ecb&output=html&source=placeapi_v2,,,3.6,,,,,,,,3,,,,,,,113.31105350025,23.074755461458,0
197d751deb745912b2077d13,客来香烘焙屋,美食,蛋糕甜品店,广东省,广州市,海珠区,广东省广州市海珠区南新街西一巷6号,197d751deb745912b2077d13,1,0,113.305322,23.091841,13710152799,cater,http://api.map.baidu.com/place/detail?uid=197d751deb745912b2077d13&output=html&source=placeapi_v2,,09:00-23:00,0.0,,,,,,,,,,,,,,,113.3052256687,23.09183264711,0
c209857541dde570a0acc482,一家人糖水(海珠店),美食,蛋糕甜品店,广东省,广州市,海珠区,广东省广州市海珠区蚝壳洲东街2号,c209857541dde570a0acc482,1,0,113.288712,23.072206,18688455594,cater,http://api.map.baidu.com/place/detail?uid=c209857541dde570a0acc482&output=html&source=placeapi_v2,,11:00-24:00,3.4,,,,,,,,0,,,,,,,,,0
e328d87e285c65f7c6effb2f,万和甜汤面包屋,美食,蛋糕甜品店,广东省,广州市,海珠区,广州市海珠区五村兴隆大街海珠区五凤小学东北侧约60米,,1,0,113.298876,23.090571,(020)22946458,cater,http://api.map.baidu.com/place/detail?uid=e328d87e285c65f7c6effb2f&output=html&source=placeapi_v2,,,,,,,,,,,,,,,,,,,,0
e05fed5269609dfe2b06ce33,金典面包(燕子岗店),美食,蛋糕甜品店,广东省,广州市,海珠区,广东省广州市海珠区燕子岗南路2号a10号,e05fed5269609dfe2b06ce33,1,0,113.284014,23.08263,15920582939,cater,http://api.map.baidu.com/place/detail?uid=e05fed5269609dfe2b06ce33&output=html&source=placeapi_v2,6.0,06:00-22:00,3.7,,,,,,,,0,,,,,,,113.28412344012,23.082714332254,0
20e2c85a88db327fabf7293a,漫糖甜品(星晖园店),美食,蛋糕甜品店,广东省,广州市,海珠区,广东省广州市海珠区星晖二街9号1号13号首层自编14号(惠苑酒家),,1,0,113.316671,23.068591,13536793774,cater,http://api.map.baidu.com/place/detail?uid=20e2c85a88db327fabf7293a&output=html&source=placeapi_v2,21.0,09:00-24:00,3.7,,,,,,,,3,,,,,,,,,0
f4828ccf9cd690821b11d5bc,明哥蛋撻,美食,蛋糕甜品店,广东省,广州市,海珠区,广州市海珠区工业大道中383号之0铺,f4828ccf9cd690821b11d5bc,1,0,113.283488,23.078255,13711782317,cater,http://api.map.baidu.com/place/detail?uid=f4828ccf9cd690821b11d5bc&output=html&source=placeapi_v2,7.0,07:30-22:00,3.7,,,,,,,,0,,,,,,,113.28343376427,23.078103674141,0
969c3bdc4ed56f23095cb328,英姐美味饼屋,美食,蛋糕甜品店,广东省,广州市,海珠区,海珠区涌边街40号9号,,1,0,113.284267,23.074107,13242805293,cater,http://api.map.baidu.com/place/detail?uid=969c3bdc4ed56f23095cb328&output=html&source=placeapi_v2,,,3.6,,,,,,,,,,,,,,,,,0
38885840db6637f631f71d63,黎恩凉茶(第三金碧店),美食,蛋糕甜品店,广东省,广州市,海珠区,广东省广州市海珠区新业路7号金碧市场第三区101铺,38885840db6637f631f71d63,1,0,113.293273,23.073072,13268390095,cater,http://api.map.baidu.com/place/detail?uid=38885840db6637f631f71d63&output=html&source=placeapi_v2,13.0,09:00-23:00,0,,,,,,,,2,,,,,,,113.29320868556,23.07310477302,0
402d7aa4280c1355e6e965d9,六月雪甜品店(泰宁店),美食,蛋糕甜品店,广东省,广州市,海珠区,广东省广州市海珠区泰宁大街35号,402d7aa4280c1355e6e965d9,1,0,113.290418,23.092162,,cater,http://api.map.baidu.com/place/detail?uid=402d7aa4280c1355e6e965d9&output=html&source=placeapi_v2,10.0,11:30-22:00,0,,,,,,,,2,,,,,,,113.29045557859,23.092019755274,0
a7ab808da40574043262126d,一品糖水店,美食,蛋糕甜品店,广东省,广州市,海珠区,广东省广州市海珠区康乐南约四巷5号,,1,0,113.308639,23.093992,,cater,http://api.map.baidu.com/place/detail?uid=a7ab808da40574043262126d&output=html&source=placeapi_v2,,,,,,,,,,,,,,,,,,113.30854477351,23.093958383411,0
fd20c3d4bc6ae284d1f49e24,麦语饼屋(凤阳店),美食,蛋糕甜品店,广东省,广州市,海珠区,广东广州市海珠区东晓南路235号,fd20c3d4bc6ae284d1f49e24,1,0,113.293306,23.093876,13416359994,cater,http://api.map.baidu.com/place/detail?uid=fd20c3d4bc6ae284d1f49e24&output=html&source=placeapi_v2,12.0,06:30-23:30,0,,,,,,,,0,,,,,,,,,0
86454e29839fc02beb12e4c8,强力凉茶(泰沙路店),美食,蛋糕甜品店,广东省,广州市,海珠区,广东省广州市海珠区泰沙路161号之4号,86454e29839fc02beb12e4c8,1,0,113.292305,23.08868,15088057536,cater,http://api.map.baidu.com/place/detail?uid=86454e29839fc02beb12e4c8&output=html&source=placeapi_v2,,,3.5,,,,,,,,1,,,,,,,113.29210642877,23.088615979983,0
8fc2da2b4812aab0a1a9341b,百草堂凉茶(涌边街店),美食,蛋糕甜品店,广东省,广州市,海珠区,广东省广州市海珠区涌边街13号,8fc2da2b4812aab0a1a9341b,1,0,113.287419,23.074555,,cater,http://api.map.baidu.com/place/detail?uid=8fc2da2b4812aab0a1a9341b&output=html&source=placeapi_v2,,,3.4,,,,,,,,1,,,,,,,113.2873515908,23.074620121296,0
a0c3f053d819a3ce43024571,港式西饼面包蛋糕坊,美食,蛋糕甜品店,广东省,广州市,海珠区,广州市海珠区池滘东三街广州市海珠区三滘小学,,1,0,113.317839,23.070362,13533190157,cater,http://api.map.baidu.com/place/detail?uid=a0c3f053d819a3ce43024571&output=html&source=placeapi_v2,,,,,,,,,,,,,,,,,,,,0
ecf0c0b8fb6c016e2d4733f4,糖点糖水小食炖品,美食,蛋糕甜品店,广东省,广州市,海珠区,广东省广州市海珠区石岗里36号,ecf0c0b8fb6c016e2d4733f4,1,0,113.282642,23.078176,(020)34220959,cater,http://api.map.baidu.com/place/detail?uid=ecf0c0b8fb6c016e2d4733f4&output=html&source=placeapi_v2,17.0,09:00-01:00,3.7,,,,,,,,2,,,,,,,113.28269420282,23.078282206894,0
443bf3133ec51c7f93114c0e,武空茶(万科里店),美食,蛋糕甜品店,广东省,广州市,海珠区,广州市海珠区江燕路99号万科里B1,,1,0,113.286298,23.088934,13631397102,cater,http://api.map.baidu.com/place/detail?uid=443bf3133ec51c7f93114c0e&output=html&source=placeapi_v2,16.0,10:00-21:30,4.0,,,,,,,,,,,,,,,113.2860264734,23.088943480964,0
8592f64dea2251ccf4e73b85,家乐烘焙,美食,蛋糕甜品店,广东省,广州市,海珠区,广东省广州市海珠区万年西街2号,8592f64dea2251ccf4e73b85,1,0,113.339772,23.083282,"13046268187,13535571054",cater,http://api.map.baidu.com/place/detail?uid=8592f64dea2251ccf4e73b85&output=html&source=placeapi_v2,,,,,,,,,,,,,,,,,,113.33976268768,23.083440862312,0
e445c502c08a9ccd725e80e1,佳麦西饼(大塘店),美食,蛋糕甜品店,广东省,广州市,海珠区,广州市海珠区小洲瀛洲北路89号首层1号铺,e445c502c08a9ccd725e80e1,1,0,113.332364,23.087947,15800030375,cater,http://api.map.baidu.com/place/detail?uid=e445c502c08a9ccd725e80e1&output=html&source=placeapi_v2,7.0,09:00-18:00,0,,,,,,,,2,,,,,,,,,0
01d623b05ff7989e6fc02cbf,幸福西饼生日蛋糕(南洲店),美食,蛋糕甜品店,广东省,广州市,海珠区,广东省广州市海珠区南洲路117号海洲花园110号,01d623b05ff7989e6fc02cbf,1,0,113.344703,23.060293,(020)89445080,cater,http://api.map.baidu.com/place/detail?uid=01d623b05ff7989e6fc02cbf&output=html&source=placeapi_v2,90.0,09:00-23:00,3.8,,,,,,,,0,,,,,,,113.34445319619,23.060414185686,0
f2787ba2fbbf5d4979b55c23,佳麦西饼(新村西华店),美食,蛋糕甜品店,广东省,广州市,海珠区,广州市海珠区江海大道新村10街10号(新村天桥旁),f2787ba2fbbf5d4979b55c23,1,0,113.339053,23.091871,13763399101,cater,http://api.map.baidu.com/place/detail?uid=f2787ba2fbbf5d4979b55c23&output=html&source=placeapi_v2,15.0,10:00-22:00,4.8,,,,,,,,5,,,,,,,113.3388851483,23.091920176614,0
e116be5444eda862c81b95f4,阳光麦语(大塘店),美食,蛋糕甜品店,广东省,广州市,海珠区,广东省广州市海珠区赤岗路365号,e116be5444eda862c81b95f4,1,0,113.334152,23.091975,(020)34259913,cater,http://api.map.baidu.com/place/detail?uid=e116be5444eda862c81b95f4&output=html&source=placeapi_v2,16.0,07:00-22:00,3.7,,,,,,,,4,,,,,,,,,0
d4c30d52230725b3220220a1,传统工艺糕点,美食,蛋糕甜品店,广东省,广州市,海珠区,广东省广州市海珠区龙潭东环街1号,d4c30d52230725b3220220a1,1,0,113.343481,23.086888,,cater,http://api.map.baidu.com/place/detail?uid=d4c30d52230725b3220220a1&output=html&source=placeapi_v2,,,,,,,,,,,,,,,,,,,,0
961785bdcb4418facf06a40e,福香面包店,美食,蛋糕甜品店,广东省,广州市,海珠区,广州市海珠区华洲路土华创业园东侧约260米,961785bdcb4418facf06a40e,1,0,113.358044,23.078338,,cater,http://api.map.baidu.com/place/detail?uid=961785bdcb4418facf06a40e&output=html&source=placeapi_v2,,,,,,,,,,,,,,,,,,113.35811732579,23.07838865359,0
4f2d6244f9e7d8313617dc8c,遇见蛋糕(赤岗店),美食,蛋糕甜品店,广东省,广州市,海珠区,广州市海珠区红卫村中华大街34号自编之4号,,1,0,113.339837,23.093217,(020)31957323,cater,http://api.map.baidu.com/place/detail?uid=4f2d6244f9e7d8313617dc8c&output=html&source=placeapi_v2,87.0,09:00-22:00,3.5,,,,,,,,2,,,,,,,113.3399446745,23.093178073746,0
05b07201c680ce28a1046491,今日冰室化州老字号糖水店,美食,蛋糕甜品店,广东省,广州市,海珠区,广东省广州市海珠区南华大街南十八巷7号,05b07201c680ce28a1046491,1,0,113.340577,23.091041,,cater,http://api.map.baidu.com/place/detail?uid=05b07201c680ce28a1046491&output=html&source=placeapi_v2,,,5,,,,,,,,3,,,,,,,113.34054468059,23.090888796471,0
bf971d727e22f7cce812e494,雪贝尔(江海店),美食,蛋糕甜品店,广东省,广州市,海珠区,广东省广州市海珠区信步中街15号,bf971d727e22f7cce812e494,1,0,113.341088,23.094763,(020)84178264,cater,http://api.map.baidu.com/place/detail?uid=bf971d727e22f7cce812e494&output=html&source=placeapi_v2,18.0,07:00-23:00,3.5,,,,,,,,7,,,,,,,113.34106494973,23.094822217887,0
9afa6bd5fe2ef2662102620c,黄振龙凉茶(聚德店),美食,蛋糕甜品店,广东省,广州市,海珠区,广东省广州市海珠区聚德路17-51号首层自编A5之二,9afa6bd5fe2ef2662102620c,1,0,113.335728,23.089702,13642714835,cater,http://api.map.baidu.com/place/detail?uid=9afa6bd5fe2ef2662102620c&output=html&source=placeapi_v2,10.0,07:30-23:30,3.7,,,,,,,,16,,,,,,,113.33566889927,23.089701067691,0
0b544b5e1aaa7367581093e1,化州爽记甜品,美食,蛋糕甜品店,广东省,广州市,海珠区,广东省广州市海珠区西华大街2号,0b544b5e1aaa7367581093e1,1,0,113.342969,23.091031,,cater,http://api.map.baidu.com/place/detail?uid=0b544b5e1aaa7367581093e1&output=html&source=placeapi_v2,,10:00-22:00,,,,,,,,,,,,,,,,113.34299276163,23.09117504627,0
c12aa820466f86164bfc8dbb,化州甜品(后滘南大街店),美食,蛋糕甜品店,广东省,广州市,海珠区,广州市海珠区后滘南大街南大街30号,,1,0,113.327092,23.071403,,cater,http://api.map.baidu.com/place/detail?uid=c12aa820466f86164bfc8dbb&output=html&source=placeapi_v2,,10:00-21:00,3.7,,,,,,,,3,,,,,,,,,0
107627b64ef4bb82130daad8,九街甜品(广药学院店),美食,蛋糕甜品店,广东省,广州市,海珠区,广东省广州市海珠区南华大街十九巷2号,107627b64ef4bb82130daad8,1,0,113.340406,23.091066,15202070300,cater,http://api.map.baidu.com/place/detail?uid=107627b64ef4bb82130daad8&output=html&source=placeapi_v2,13.0,11:00-23:00,3.6,,,,,,,,0,,,,,,,113.3403747185,23.090919949407,0
2d1a91f8580d8bbb93114cf5,时光吧(聚德路店),美食,蛋糕甜品店,广东省,广州市,海珠区,广东广州市海珠区聚德路17-51号2fa6铺,2d1a91f8580d8bbb93114cf5,1,0,113.335841,23.089672,15920451884,cater,http://api.map.baidu.com/place/detail?uid=2d1a91f8580d8bbb93114cf5&output=html&source=placeapi_v2,,12:00-22:00,2,,,,,,,,3,,,,,,,113.33582771834,23.089594526831,0
0d3de617d88c86c6734b873a,麦祥记(紫菀路店),美食,蛋糕甜品店,广东省,广州市,海珠区,广州市海珠区紫菀路东约新村,0d3de617d88c86c6734b873a,1,0,113.341482,23.091165,,cater,http://api.map.baidu.com/place/detail?uid=0d3de617d88c86c6734b873a&output=html&source=placeapi_v2,,07:30-20:30,,,,,,,,1,,,,,,,,113.34152271611,23.091281810925,0
5cb941900df0cb893586f4c2,遇见奶牛(石榴岗路店),美食,蛋糕甜品店,广东省,广州市,海珠区,广东省广州市海珠区石榴岗路16-12楼附近,5cb941900df0cb893586f4c2,1,0,113.34325,23.09364,13710509658,cater,http://api.map.baidu.com/place/detail?uid=5cb941900df0cb893586f4c2&output=html&source=placeapi_v2,,11:00-23:00,,,,,,,,,,,,,,,,,,0
57212604ce3364840b69d987,大东面包坊,美食,蛋糕甜品店,广东省,广州市,海珠区,海珠区华泰西街华泰市场,,1,0,113.355025,23.077735,13570083754,cater,http://api.map.baidu.com/place/detail?uid=57212604ce3364840b69d987&output=html&source=placeapi_v2,,,,,,,,,,,,,,,,,,113.35470337858,23.077837259065,0
52eeeced29671ba77adbd23d,赵记传承(赤岗店),美食,蛋糕甜品店,广东省,广州市,海珠区,广东省广州市海珠区赤岗路187号,52eeeced29671ba77adbd23d,1,0,113.334128,23.093805,18922727999,cater,http://api.map.baidu.com/place/detail?uid=52eeeced29671ba77adbd23d&output=html&source=placeapi_v2,26.0,13:00-23:30,3.9,,,,,,,,0,,,,,,,113.334056378,23.093750082246,0
4944dbe2a094493ba2046415,绿贝(石榴岗店),美食,蛋糕甜品店,广东省,广州市,海珠区,广东省广州市海珠区台涌西约二巷1号,4944dbe2a094493ba2046415,1,0,113.34345,23.09336,,cater,http://api.map.baidu.com/place/detail?uid=4944dbe2a094493ba2046415&output=html&source=placeapi_v2,13.0,06:00-24:00,0,,,,,,,,0,,,,,,,,,0
f87d57a74e7dc27e4151c0fd,老香港糕点,美食,蛋糕甜品店,广东省,广州市,海珠区,广东省广州市海珠区马基大街12号之-a5,f87d57a74e7dc27e4151c0fd,1,0,113.328499,23.088784,13049474341,cater,http://api.map.baidu.com/place/detail?uid=f87d57a74e7dc27e4151c0fd&output=html&source=placeapi_v2,,,,,,,,,,,,,,,,,,113.32842571462,23.08870919893,0
aff8ab8251d685634d554746,华记糖水店(后滘北大街店),美食,蛋糕甜品店,广东省,广州市,海珠区,广东省广州市海珠区后滘大街1号,aff8ab8251d685634d554746,1,0,113.323355,23.072549,13544513598,cater,http://api.map.baidu.com/place/detail?uid=aff8ab8251d685634d554746&output=html&source=placeapi_v2,,11:00-02:00,3.4,,,,,,,,,,,,,,,113.32336371906,23.072524356514,0
96af9c9052e0cd11e5e965df,曾氏凉茶(聚德西路店),美食,蛋糕甜品店,广东省,广州市,海珠区,广东省广州市海珠区东华南4巷1号,96af9c9052e0cd11e5e965df,1,0,113.332367,23.08839,13727192745,cater,http://api.map.baidu.com/place/detail?uid=96af9c9052e0cd11e5e965df&output=html&source=placeapi_v2,,,,,,,,,,,,,,,,,,113.33245928872,23.088389769019,0
40db64c001b4ea18eb56fafe,平安堂凉茶(聚德西路店),美食,蛋糕甜品店,广东省,广州市,海珠区,广东省广州市海珠区大塘东华南四巷1号,40db64c001b4ea18eb56fafe,1,0,113.332359,23.088528,(020)34827489,cater,http://api.map.baidu.com/place/detail?uid=40db64c001b4ea18eb56fafe&output=html&source=placeapi_v2,,09:00-23:00,3.5,,,,,,,,1,,,,,,,113.33245970104,23.088527666969,0
a06035a55ccbd50409b93a18,初心DIY蛋糕,美食,蛋糕甜品店,广东省,广州市,海珠区,广东省广州市海珠区南便涌11号,,1,0,113.381672,23.080798,13711691336,cater,http://api.map.baidu.com/place/detail?uid=a06035a55ccbd50409b93a18&output=html&source=placeapi_v2,,09:30-22:00,3.5,,,,,,,,2,,,,,,,,,0
83d3d92d918f760187154132,蜜香烘焙坊,美食,蛋糕甜品店,广东省,广州市,海珠区,海珠区仑头路仑头车站-南14号,,1,0,113.384843,23.083059,,cater,http://api.map.baidu.com/place/detail?uid=83d3d92d918f760187154132&output=html&source=placeapi_v2,,,3.4,,,,,,,,,,,,,,,113.38473149948,23.082960238121,0
dddfcf0ea5d53504a80dd855,佳麦西饼(仑头店),美食,蛋糕甜品店,广东省,广州市,海珠区,广东省广州市海珠区桥头大街6号,dddfcf0ea5d53504a80dd855,1,0,113.384745,23.083301,13711523669,cater,http://api.map.baidu.com/place/detail?uid=dddfcf0ea5d53504a80dd855&output=html&source=placeapi_v2,,10:00-22:00,2,,,,,,,,2,,,,,,,113.38466328755,23.083268389334,0
1ed474406253cd8c6fa3cc3c,母先生私房烘培,美食,蛋糕甜品店,广东省,广州市,海珠区,广东省广州市海珠区仑头车站北1巷7号,1ed474406253cd8c6fa3cc3c,1,0,113.384439,23.083773,18922727151,cater,http://api.map.baidu.com/place/detail?uid=1ed474406253cd8c6fa3cc3c&output=html&source=placeapi_v2,,,,,,,,,,,,,,,,,,113.38454882097,23.083796058207,0
8f0025048e14e1e2a2a9343a,美心西饼(GOGO新天地贝岗村大街店),美食,蛋糕甜品店,广东省,广州市,番禺区,广东省广州市番禺区小谷围街道贝岗村贝岗村大街1号GOGO新天地F1,8f0025048e14e1e2a2a9343a,1,0,113.398299,23.068291,(020)31564485,cater,http://api.map.baidu.com/place/detail?uid=8f0025048e14e1e2a2a9343a&output=html&source=placeapi_v2,21.0,08:00-22:00,3.6,,,,,,,,39,,,,,,,113.39859292212,23.067075378727,0
d689bf3cb764b2386e20b9aa,皇廷佳麦西饼(北山店),美食,蛋糕甜品店,广东省,广州市,海珠区,广东省广州市海珠区桥头大街2号,d689bf3cb764b2386e20b9aa,1,0,113.378496,23.090603,18318340397,cater,http://api.map.baidu.com/place/detail?uid=d689bf3cb764b2386e20b9aa&output=html&source=placeapi_v2,20.0,06:00-00:00,3.5,,,,,,,,2,,,,,,,113.37847350327,23.0906115437,0
25d11c2557f54d20fe0eb0af,绿叶居西饼(GOGO新天地贝岗村大街店),美食,蛋糕甜品店,广东省,广州市,番禺区,广东省广州市番禺区小谷围街道贝岗村贝岗村大街1号GOGO新天地F1,25d11c2557f54d20fe0eb0af,1,0,113.398155,23.0691,(020)39159675,cater,http://api.map.baidu.com/place/detail?uid=25d11c2557f54d20fe0eb0af&output=html&source=placeapi_v2,23.0,06:30-23:00,4.2,,,,,,,,106,,,,,,,113.39805226707,23.069142160329,0
3a71c4e04329b71ac909f0a8,温心甜品店,美食,蛋糕甜品店,广东省,广州市,海珠区,广东省广州市海珠区北街二巷1号,3a71c4e04329b71ac909f0a8,1,0,113.376347,23.08946,15626222141,cater,http://api.map.baidu.com/place/detail?uid=3a71c4e04329b71ac909f0a8&output=html&source=placeapi_v2,,02:00-14:00,,,,,,,,,,,,,,,,113.37639442935,23.089463688861,0
03c416292d289498c4f02506,花基小食店,美食,蛋糕甜品店,广东省,广州市,黄埔区,广州市黄埔区金洲南路广东南华工商职业学院黄埔校区北区北门西侧约80米,03c416292d289498c4f02506,1,0,113.419861,23.07774,,cater,http://api.map.baidu.com/place/detail?uid=03c416292d289498c4f02506&output=html&source=placeapi_v2,6.0,,0,,,,,,,,2,,,,,,,113.41989793778,23.077694033102,0
6454286991104cb59d82ea44,美嘉饼屋,美食,蛋糕甜品店,广东省,广州市,黄埔区,广东省广州市黄埔区金洲北路599号,6454286991104cb59d82ea44,1,0,113.424495,23.080104,,cater,http://api.map.baidu.com/place/detail?uid=6454286991104cb59d82ea44&output=html&source=placeapi_v2,,09:00-22:00,3,,,,,,,,3,,,,,,,,,0
e889a744ccce09c88705bf84,雪贝尔艺术蛋糕坊(开发区青年路店),美食,蛋糕甜品店,广东省,广州市,黄埔区,广东省广州市黄埔区青年路48号经济技术开发区,e889a744ccce09c88705bf84,1,0,113.534748,23.071135,(020)82223100,cater,http://api.map.baidu.com/place/detail?uid=e889a744ccce09c88705bf84&output=html&source=placeapi_v2,20.0,07:00-22:00,3.7,,,,,,,,8,,,,,,,113.53468452072,23.071140637053,0
5ffb1816b975a8466e4760ba,鲜尚休闲美食(青年路店),美食,蛋糕甜品店,广东省,广州市,黄埔区,广东省广州市黄埔区青年路100号,5ffb1816b975a8466e4760ba,1,0,113.537325,23.070933,"(020)82068433,(020)82209697",cater,http://api.map.baidu.com/place/detail?uid=5ffb1816b975a8466e4760ba&output=html&source=placeapi_v2,18.0,10:00-24:00,3.9,,,,,,,,16,,,,,,,113.53731576176,23.07110785776,0
ae9ebb4a12f9d7dca8f729ef,化州冰清甜品,美食,蛋糕甜品店,广东省,广州市,黄埔区,广东省广州市黄埔区水关路南三巷2号,ae9ebb4a12f9d7dca8f729ef,1,0,113.526459,23.087709,,cater,http://api.map.baidu.com/place/detail?uid=ae9ebb4a12f9d7dca8f729ef&output=html&source=placeapi_v2,,,,,,,,,,,,,,,,,,,,0
0d5deced0cac4e81c4f50d22,木马烘焙屋,美食,蛋糕甜品店,广东省,广州市,黄埔区,广东省广州市黄埔区青年路202号,0d5deced0cac4e81c4f50d22,1,0,113.538045,23.069978,13926471055,cater,http://api.map.baidu.com/place/detail?uid=0d5deced0cac4e81c4f50d22&output=html&source=placeapi_v2,10.0,10:00-19:00,3.6,,,,,,,,0,,,,,,,113.53795033645,23.069900098639,0
b072a539a57cf77ce6e96562,甜心安妮(领好广场店),美食,蛋糕甜品店,广东省,广州市,黄埔区,广州市黄埔区南岗街道新港社区黄埔东路2889号领好广场B1,,1,0,113.53194,23.091699,18477402829,cater,http://api.map.baidu.com/place/detail?uid=b072a539a57cf77ce6e96562&output=html&source=placeapi_v2,,10:00-19:00,3.4,,,,,,,3,,,,,,,,113.53093179016,23.090996155261,0
9634f630ee7ef3297f29bd97,曾记特色甜品(领好广场店),美食,蛋糕甜品店,广东省,广州市,黄埔区,广州市黄埔区南岗街道新港社区黄埔东路2889号领好广场B1,9634f630ee7ef3297f29bd97,1,0,113.531892,23.09152,15914601759,cater,http://api.map.baidu.com/place/detail?uid=9634f630ee7ef3297f29bd97&output=html&source=placeapi_v2,,10:30-22:00,3.5,,,,,,,,,,,,,,,113.53093179016,23.090996155261,0
a367dcfbfcb3ceea2a11d1b4,新意蛋糕店(南环西路店),美食,蛋糕甜品店,广东省,东莞市,,东莞市南环西路麻涌镇第三小学东北侧,,1,0,113.564831,23.080392,"13686194625,13809828957",cater,http://api.map.baidu.com/place/detail?uid=a367dcfbfcb3ceea2a11d1b4&output=html&source=placeapi_v2,,,,,,,,,,,,,,,,,,113.56496433425,23.080427338376,0
9d8581a9f1425e0d6849f3d2,穗香园烘焙,美食,蛋糕甜品店,广东省,东莞市,,广东省东莞市教育路1号,,1,0,113.582156,23.064181,(0769)88289517,cater,http://api.map.baidu.com/place/detail?uid=9d8581a9f1425e0d6849f3d2&output=html&source=placeapi_v2,,,,,,,,,,,,,,,,,,113.58184330703,23.064343023377,0
d9186a8398e205af32f71d73,榴芒果冰纷(麻涌中大店),美食,蛋糕甜品店,广东省,东莞市,,广东省东莞市教育路7号中大创客坊d栋12号,,1,0,113.58591,23.063093,13824468151,cater,http://api.map.baidu.com/place/detail?uid=d9186a8398e205af32f71d73&output=html&source=placeapi_v2,22.0,14:00-24:00,3.8,,,,,,,,63,,,,,,,113.58610274028,23.063226544587,0
b60e69db0d4624dc25d2bb89,莞御品轩蛋糕店,美食,蛋糕甜品店,广东省,东莞市,,东莞市永红二街新基公寓南侧,,1,0,113.597863,23.068507,"13237845971,13790210810",cater,http://api.map.baidu.com/place/detail?uid=b60e69db0d4624dc25d2bb89&output=html&source=placeapi_v2,,,,,,,,,,,,,,,,,,113.59790910222,23.06858924677,0
0fc8966612983ca145e2741c,金月蛋糕店,美食,蛋糕甜品店,广东省,东莞市,,广东省东莞市新基大道13号,,1,0,113.597335,23.067603,(0769)88229632,cater,http://api.map.baidu.com/place/detail?uid=0fc8966612983ca145e2741c&output=html&source=placeapi_v2,,,,,,,,,,,,,,,,,,113.59727038544,23.067465489381,0
f7bda1cc03793c1d81288aa7,三年二班(中大渔人码头店),美食,蛋糕甜品店,广东省,东莞市,,麻三村沿河西路中大渔人码头34号铺,,1,0,113.593623,23.068735,,cater,http://api.map.baidu.com/place/detail?uid=f7bda1cc03793c1d81288aa7&output=html&source=placeapi_v2,,,,,,,,,,,,,,,,,,,,0
6073bcf5089dc62b25e0a070,安妮家烘焙坊(麻涌江畔湾店),美食,蛋糕甜品店,广东省,东莞市,,麻涌镇古梅路江畔湾西门,,1,0,113.580544,23.060895,(0769)88223522,cater,http://api.map.baidu.com/place/detail?uid=6073bcf5089dc62b25e0a070&output=html&source=placeapi_v2,,09:00-21:00,3.5,,,,,,,,19,,,,,,,,,0
82ee1b83c7e73daffea7784c,肥敏姨心悦面包,美食,蛋糕甜品店,广东省,东莞市,,东莞市沿江西一路广州新华学院(东莞校区),,1,0,113.585478,23.063651,13751494568,cater,http://api.map.baidu.com/place/detail?uid=82ee1b83c7e73daffea7784c&output=html&source=placeapi_v2,,,,,,,,,,,,,,,,,,,,0
0917325b83461a698b36ee75,邻里手打柠檬茶·创客坊店,美食,蛋糕甜品店,广东省,东莞市,,广东省东莞市教育路7号23栋,,1,0,113.586424,23.063116,"13925644542,18029062378",cater,http://api.map.baidu.com/place/detail?uid=0917325b83461a698b36ee75&output=html&source=placeapi_v2,,11:00-23:00,,,,,,,,,,,,,,,,113.58660680648,23.062901273199,0
344ede2f318a3a069cf7798a,芳姨糖水,美食,蛋糕甜品店,广东省,东莞市,,东莞市沿江西一路东50米中大创客坊,,1,0,113.585299,23.063627,18566100714,cater,http://api.map.baidu.com/place/detail?uid=344ede2f318a3a069cf7798a&output=html&source=placeapi_v2,,,,,,,,,,,,,,,,,,,,0
cdecd59aa29ab691ddee8b32,四哥柠檬茶,美食,蛋糕甜品店,广东省,东莞市,,东莞市沿江西一路东50米中大创客坊,,1,0,113.585329,23.063676,13760623053,cater,http://api.map.baidu.com/place/detail?uid=cdecd59aa29ab691ddee8b32&output=html&source=placeapi_v2,,,3.5,,,,,,,,,,,,,,,,,0
f3c61e8eed18e1d70869d99a,杨师傅烘培坊,美食,蛋糕甜品店,广东省,东莞市,,广东省东莞市古梅路中大创客坊D栋1~3号书亦烧仙草(中山大学店)创客坊75号,,1,0,113.585784,23.063475,15218789901,cater,http://api.map.baidu.com/place/detail?uid=f3c61e8eed18e1d70869d99a&output=html&source=placeapi_v2,,,3.5,,,,,,,,,,,,,,,,,0
cfe29eae616bcad7f7e73b4b,心礼烘焙专属定制蛋糕甜品,美食,蛋糕甜品店,广东省,东莞市,,广东省东莞市龙泉路89号聚龙江市场108号,,1,0,113.668651,23.068227,13412384260,cater,http://api.map.baidu.com/place/detail?uid=cfe29eae616bcad7f7e73b4b&output=html&source=placeapi_v2,,10:00-18:00,,,,,,,,,,,,,,,,113.66863750722,23.06832658531,0
9a7fe60d22bc37ac6ec02c8c,广隆蛋挞王(望牛墩店),美食,蛋糕甜品店,广东省,东莞市,,广东省东莞市万江区绿榕路16号,9a7fe60d22bc37ac6ec02c8c,1,0,113.662268,23.060429,(0769)88565228,cater,http://api.map.baidu.com/place/detail?uid=9a7fe60d22bc37ac6ec02c8c&output=html&source=placeapi_v2,24.0,06:30-22:30,4.5,,,,,,,,9,,,,,,,113.66236258273,23.060517320187,0
83700509e661d8fcb01e36f4,提米私房甜点,美食,蛋糕甜品店,广东省,东莞市,,广东省东莞市中心路70号,83700509e661d8fcb01e36f4,1,0,113.664164,23.093421,13751253239,cater,http://api.map.baidu.com/place/detail?uid=83700509e661d8fcb01e36f4&output=html&source=placeapi_v2,27.0,11:30-19:00,3.7,,,,,,,,,,,,,,,113.66423760953,23.093360200976,0
e9872203ab818c7aa4c756a2,百品居糖水铺,美食,蛋糕甜品店,广东省,东莞市,,广东省东莞市望牛墩镇城建办公楼南(兴业街西),e9872203ab818c7aa4c756a2,1,0,113.663827,23.060807,(0769)88516793,cater,http://api.map.baidu.com/place/detail?uid=e9872203ab818c7aa4c756a2&output=html&source=placeapi_v2,10.0,12:00-22:30,3.6,,,,,,,,0,,,,,,,,,0
41bfd74db5b7ba1780288a7b,舒根凉茶店,美食,蛋糕甜品店,广东省,东莞市,,广东省东莞市绿榕路18号,41bfd74db5b7ba1780288a7b,1,0,113.66224,23.06035,(0769)88854901,cater,http://api.map.baidu.com/place/detail?uid=41bfd74db5b7ba1780288a7b&output=html&source=placeapi_v2,,08:30-22:30,3.6,,,,,,,,0,,,,,,,,,0
1663941cdc944633d5b74e09,道滘喜来登西饼蛋糕,美食,蛋糕甜品店,广东省,东莞市,,东莞市金牛路富贵楼22号,1663941cdc944633d5b74e09,1,0,113.663533,23.061643,(0769)88850062,cater,http://api.map.baidu.com/place/detail?uid=1663941cdc944633d5b74e09&output=html&source=placeapi_v2,,,3.5,,,,,,,,1,,,,,,,,,0
1c3a6c5d88d7735fd4851fc4,奥斯蛋糕店(嘉华百货店),美食,蛋糕甜品店,广东省,东莞市,,嘉华百货一层5号铺,1c3a6c5d88d7735fd4851fc4,1,0,113.664707,23.065051,,cater,http://api.map.baidu.com/place/detail?uid=1c3a6c5d88d7735fd4851fc4&output=html&source=placeapi_v2,,08:00-23:00,4.8,,,,,,,,,,,,,,,,,0
6e4966842cea613148cc4a9d,杏林春凉茶(莞穗路店),美食,蛋糕甜品店,广东省,东莞市,,万江街道莞穗路谷涌社区综合楼第1号铺,6e4966842cea613148cc4a9d,1,0,113.701526,23.070114,13631787621,cater,http://api.map.baidu.com/place/detail?uid=6e4966842cea613148cc4a9d&output=html&source=placeapi_v2,11.0,10:00-21:00,3.5,,,,,,,,1,,,,,,,113.70140320967,23.06992797088,0
8959f8dd0f9649535b109367,广西壮山草药(凉茶连锁店),美食,蛋糕甜品店,广东省,东莞市,,广东省东莞市文明路29号,8959f8dd0f9649535b109367,1,0,113.695514,23.068558,13532305396,cater,http://api.map.baidu.com/place/detail?uid=8959f8dd0f9649535b109367&output=html&source=placeapi_v2,,10:00-22:00,0,,,,,,,,1,,,,,,,,,0
01777d2d78b6143a94ec84d8,梦想泇甜品屋,美食,蛋糕甜品店,广东省,东莞市,,广东省东莞市万龙路梦想居4区335号,01777d2d78b6143a94ec84d8,1,0,113.741461,23.063201,15099765656,cater,http://api.map.baidu.com/place/detail?uid=01777d2d78b6143a94ec84d8&output=html&source=placeapi_v2,,10:00-18:00,,,,,,,,,,,,,,,,,,0
99f2f1922f028bc4eddfcac9,峰味甜品,美食,蛋糕甜品店,广东省,东莞市,,广东省东莞市南联新村三巷48号101室,99f2f1922f028bc4eddfcac9,1,0,113.731136,23.082619,13537751912,cater,http://api.map.baidu.com/place/detail?uid=99f2f1922f028bc4eddfcac9&output=html&source=placeapi_v2,,11:30-23:30,3.5,,,,,,,,,,,,,,,113.73109967438,23.082667641311,0
6ae57fed2702637ec72ba103,7号茶店(高埗店),美食,蛋糕甜品店,广东省,东莞市,,广东省东莞市兴隆街6-1号7号,6ae57fed2702637ec72ba103,1,0,113.72971,23.079803,(0769)83061887,cater,http://api.map.baidu.com/place/detail?uid=6ae57fed2702637ec72ba103&output=html&source=placeapi_v2,10.0,09:00-23:00,3.5,,,,,,,,1,,,,,,,,,0
8d9fb3b1e9e91adc1f3894f5,新奇饮品专卖(江城东路店),美食,蛋糕甜品店,广东省,东莞市,,东莞市江城东路小摇篮幼儿园(江城东路)东北侧约90米,8d9fb3b1e9e91adc1f3894f5,1,0,113.749584,23.075065,(0769)81377773,cater,http://api.map.baidu.com/place/detail?uid=8d9fb3b1e9e91adc1f3894f5&output=html&source=placeapi_v2,,10:00-24:00,0,,,,,,,,2,,,,,,,113.74969539163,23.075011760592,0
1a9c3624bc490bdf9900509d,百科堂凉茶,美食,蛋糕甜品店,广东省,东莞市,,高埗镇振兴东七横路61号110室,1a9c3624bc490bdf9900509d,1,0,113.732181,23.090105,13728252525,cater,http://api.map.baidu.com/place/detail?uid=1a9c3624bc490bdf9900509d&output=html&source=placeapi_v2,,10:00-22:00,3.5,,,,,,,,1,,,,,,,,,0
cf80a20b4c838429fe0eb006,婓蔓甜品,美食,蛋糕甜品店,广东省,东莞市,,东莞市教育路樟村中坊东侧约100米,cf80a20b4c838429fe0eb006,1,0,113.774429,23.068904,,cater,http://api.map.baidu.com/place/detail?uid=cf80a20b4c838429fe0eb006&output=html&source=placeapi_v2,,,,,,,,,,,,,,,,,,,,0
20016f7c2e00ba5c631c67aa,乐园面包(鹤田厦店),美食,蛋糕甜品店,广东省,东莞市,,广东省东莞市裕田路32号鹤田厦市场9号,20016f7c2e00ba5c631c67aa,1,0,113.7674,23.083055,(0769)86306149,cater,http://api.map.baidu.com/place/detail?uid=20016f7c2e00ba5c631c67aa&output=html&source=placeapi_v2,10.0,06:00-20:00,3.5,,,,,,,,3,,,,,,,113.76734271296,23.083193717092,0
09d64f0c581c1ae19868b4f4,杏林春凉茶(下桥店),美食,蛋糕甜品店,广东省,东莞市,,广东省东莞市银珠街25号,09d64f0c581c1ae19868b4f4,1,0,113.795331,23.068164,13763137533,cater,http://api.map.baidu.com/place/detail?uid=09d64f0c581c1ae19868b4f4&output=html&source=placeapi_v2,10.0,10:00-22:00,3.6,,,,,,,,1,,,,,,,113.79522422505,23.068105444076,0
863be36867082ce82fe67ba6,BiXiong蛋糕甜品店,美食,蛋糕甜品店,广东省,东莞市,,广东省东莞市东城周屋路113号122室,863be36867082ce82fe67ba6,1,0,113.830184,23.078617,13423233900,cater,http://api.map.baidu.com/place/detail?uid=863be36867082ce82fe67ba6&output=html&source=placeapi_v2,,07:00-23:00,,,,,,,,,,,,,,,,,,0
08f1f1f52b95b0d389db73ab,美佳乐蛋糕(东城店),美食,蛋糕甜品店,广东省,东莞市,,广东省东莞市龙华路2号126室,08f1f1f52b95b0d389db73ab,1,0,113.825115,23.080408,15017879128,cater,http://api.map.baidu.com/place/detail?uid=08f1f1f52b95b0d389db73ab&output=html&source=placeapi_v2,30.0,08:00-22:30,5,,,,,,,,4,,,,,,,113.82520596913,23.080544309332,0
e5ca1d29060dce39bd48425d,鲜得美蛋糕,美食,蛋糕甜品店,广东省,东莞市,,广东省东莞市余屋商业街59号,e5ca1d29060dce39bd48425d,1,0,113.827743,23.08508,13728345868,cater,http://api.map.baidu.com/place/detail?uid=e5ca1d29060dce39bd48425d&output=html&source=placeapi_v2,,,5,,,,,,,,2,,,,,,,,,0
4c1caf81abbea5650869d97c,喜悦蛋糕(榴花东街店),美食,蛋糕甜品店,广东省,东莞市,,广东省东莞市榴花东街46号,4c1caf81abbea5650869d97c,1,0,113.821843,23.092349,"13712437375,13725833107",cater,http://api.map.baidu.com/place/detail?uid=4c1caf81abbea5650869d97c&output=html&source=placeapi_v2,,07:00-22:00,,,,,,,,,,,,,,,,113.82181301891,23.092431484326,0
1d22b3a23d4ffbc3eedfca6b,甜在心奶茶甜品,美食,蛋糕甜品店,广东省,东莞市,,广东省东莞市圃园东路45号,1d22b3a23d4ffbc3eedfca6b,1,0,113.821517,23.06207,13712361361,cater,http://api.map.baidu.com/place/detail?uid=1d22b3a23d4ffbc3eedfca6b&output=html&source=placeapi_v2,,11:00-01:00,3.5,,,,,,,,2,,,,,,,113.82154114765,23.061985466263,0
59a8a12f6018fb871f389470,有咸有甜蛋糕,美食,蛋糕甜品店,广东省,东莞市,,广东省东莞市榴花南路1号102室,59a8a12f6018fb871f389470,1,0,113.822707,23.091471,13544740308,cater,http://api.map.baidu.com/place/detail?uid=59a8a12f6018fb871f389470&output=html&source=placeapi_v2,,10:30-22:00,,,,,,,,,,,,,,,,,,0
f2835ce77c866febc62ba150,兄弟糖水店(金玉岭路店),美食,蛋糕甜品店,广东省,东莞市,,广东省东莞市金玉岭路24号,f2835ce77c866febc62ba150,1,0,113.820066,23.064829,,cater,http://api.map.baidu.com/place/detail?uid=f2835ce77c866febc62ba150&output=html&source=placeapi_v2,,,,,,,,,,,,,,,,,,113.82002465614,23.064964225814,0
bba873884f7bada0bca8221e,香裕蛋糕,美食,蛋糕甜品店,广东省,东莞市,,广东省东莞市圃园西路46号,bba873884f7bada0bca8221e,1,0,113.814436,23.063944,(0769)22655769,cater,http://api.map.baidu.com/place/detail?uid=bba873884f7bada0bca8221e&output=html&source=placeapi_v2,,08:00-22:00,5,,,,,,,,1,,,,,,,113.81442790379,23.063872953461,0
56d7fb55d12267298bfc0614,欧可茶饮(万正广场店),美食,蛋糕甜品店,广东省,东莞市,,东莞市桑园综合市场B47号铺,56d7fb55d12267298bfc0614,1,0,113.816478,23.062099,"15016981006,15876949786",cater,http://api.map.baidu.com/place/detail?uid=56d7fb55d12267298bfc0614&output=html&source=placeapi_v2,10.0,11:00-23:00,0,,,,,,,,0,,,,,,,113.81645053117,23.062133447199,0
0e05cdd64f85e3e6d0ff235e,茶优苏(万正广场店),美食,蛋糕甜品店,广东省,东莞市,,东莞市圃园西路万正广场F1,,1,0,113.817416,23.062714,13925702430,cater,http://api.map.baidu.com/place/detail?uid=0e05cdd64f85e3e6d0ff235e&output=html&source=placeapi_v2,,,4.5,,,,,,,,13,,,,,,,,,0
05c6c68d3055a70c4d6d4617,柠檬·1995(万正广场店),美食,蛋糕甜品店,广东省,东莞市,,东莞市圃园西路万正广场F1,,1,0,113.817557,23.062153,,cater,http://api.map.baidu.com/place/detail?uid=05c6c68d3055a70c4d6d4617&output=html&source=placeapi_v2,,,,,,,,,,,,,,,,,,113.81818265733,23.061846401177,0
345935ed4d6886c309a8d48c,贡茶(万正广场店),美食,蛋糕甜品店,广东省,东莞市,,东莞市圃园西路万正广场F1,345935ed4d6886c309a8d48c,1,0,113.816047,23.062702,(0769)33884551,cater,http://api.map.baidu.com/place/detail?uid=345935ed4d6886c309a8d48c&output=html&source=placeapi_v2,15.0,09:00-22:30,5,,,,,,,,2,,,,,,,113.81612834312,23.062758483083,0
ec19d22adf01930c1d1d1146,飘雪休闲吧,美食,蛋糕甜品店,广东省,东莞市,,广东省东莞市银湖路7号,ec19d22adf01930c1d1d1146,1,0,113.81463,23.064836,18820302714,cater,http://api.map.baidu.com/place/detail?uid=ec19d22adf01930c1d1d1146&output=html&source=placeapi_v2,,,,,,,,,,,,,,,,,,113.81471241601,23.064886789147,0
40f529edf9a214f0d81318c6,西雅图烘焙(滨江西路店),美食,蛋糕甜品店,广东省,广州市,海珠区,广州市海珠区滨江西路鳌洲码头正对面,40f529edf9a214f0d81318c6,1,0,113.260781,23.112043,18565413300,cater,http://api.map.baidu.com/place/detail?uid=40f529edf9a214f0d81318c6&output=html&source=placeapi_v2,,07:00-22:30,3.7,,,,,,,,0,,,,,,,113.26071599971,23.112122010796,0
3b5aea5396a914eb2db908cd,新金城(长堤店),美食,蛋糕甜品店,广东省,广州市,越秀区,广东广州市越秀区长堤大马路364号,3b5aea5396a914eb2db908cd,1,0,113.263492,23.116187,(020)81849035,cater,http://api.map.baidu.com/place/detail?uid=3b5aea5396a914eb2db908cd&output=html&source=placeapi_v2,6.0,06:30-23:00,3.8,,,,,,,,20,,,,,,,,,0
eb3675036128d50201ec019f,惠恒西饼屋(同福西路店),美食,蛋糕甜品店,广东省,广州市,海珠区,广东省广州市海珠区同福西路222号,eb3675036128d50201ec019f,1,0,113.260559,23.108764,"(020)84446303,18578798817",cater,http://api.map.baidu.com/place/detail?uid=eb3675036128d50201ec019f&output=html&source=placeapi_v2,6.0,06:30-23:00,3.5,,,,,,,,10,,,,,,,,,0
bc634162dee7350beaf8537a,芳香甜品,美食,蛋糕甜品店,广东省,广州市,越秀区,广东省广州市越秀区人民南路34号,bc634162dee7350beaf8537a,1,0,113.26058,23.115963,(020)81867297,cater,http://api.map.baidu.com/place/detail?uid=bc634162dee7350beaf8537a&output=html&source=placeapi_v2,18.0,06:30-18:30,3.7,,,,,,,,47,,,,,,,113.26047339255,23.115950534196,0
a2d7269987465ee2882fb51f,纯心饼店(堑口店),美食,蛋糕甜品店,广东省,广州市,海珠区,广东省广州市海珠区南华中路南洲前街13号,a2d7269987465ee2882fb51f,1,0,113.269471,23.114095,"13533803658,15818861806",cater,http://api.map.baidu.com/place/detail?uid=a2d7269987465ee2882fb51f&output=html&source=placeapi_v2,31.0,08:00-19:00,4.4,,,,,,,,1,,,,,,,113.26952326154,23.11413827054,0
e3e2cd9d10c84bfac6f50de7,新韵馨饼屋(宝岗大道店),美食,蛋糕甜品店,广东省,广州市,海珠区,广东广州市海珠区宝岗大道92号之1(近海珠区公安局),e3e2cd9d10c84bfac6f50de7,1,0,113.267024,23.110661,(020)84398810,cater,http://api.map.baidu.com/place/detail?uid=e3e2cd9d10c84bfac6f50de7&output=html&source=placeapi_v2,8.0,06:00-24:00,3.4,,,,,,,,14,,,,,,,,,0
4fb8081cf3729665f50e77d1,姐妹烘焙(洪德路店),美食,蛋糕甜品店,广东省,广州市,海珠区,广东省广州市海珠区洪德路40号,4fb8081cf3729665f50e77d1,1,0,113.25845,23.109909,"(020)84310032,13640893002",cater,http://api.map.baidu.com/place/detail?uid=4fb8081cf3729665f50e77d1&output=html&source=placeapi_v2,9.0,08:00-23:00,3.4,,,,,,,,0,,,,,,,,,0
e24813f8d1e24ea31811d5b1,蒙布朗(人民南路店),美食,蛋糕甜品店,广东省,广州市,越秀区,广东省广州市越秀区人民南路80号,e24813f8d1e24ea31811d5b1,1,0,113.260335,23.117083,(020)81884056,cater,http://api.map.baidu.com/place/detail?uid=e24813f8d1e24ea31811d5b1&output=html&source=placeapi_v2,15.0,08:00-23:00,3.4,,,,,,,,15,,,,,,,113.26025718209,23.117057702271,0
881a28e7b8ecf15ef842b29f,长乐饼屋(十八甫店),美食,蛋糕甜品店,广东省,广州市,荔湾区,广东省广州市荔湾区十八甫南路98号,881a28e7b8ecf15ef842b29f,1,0,113.252817,23.116696,(020)81852975,cater,http://api.map.baidu.com/place/detail?uid=881a28e7b8ecf15ef842b29f&output=html&source=placeapi_v2,15.0,06:00-23:00,3.6,,,,,,,,8,,,,,,,,,0
d1cc43462884b8659fec2b4e,黄振龙凉茶(仁济店),美食,蛋糕甜品店,广东省,广州市,越秀区,广东省广州市越秀区仁济路5号,d1cc43462884b8659fec2b4e,1,0,113.261913,23.115242,13570408630,cater,http://api.map.baidu.com/place/detail?uid=d1cc43462884b8659fec2b4e&output=html&source=placeapi_v2,10.0,10:00-22:00,3.5,,,,,,,,0,,,,,,,113.26197870106,23.115265678827,0
c63e90e2a05cabb83010aff8,美心西饼(大德路店),美食,蛋糕甜品店,广东省,广州市,越秀区,广东省广州市越秀区大德路90号之3号,c63e90e2a05cabb83010aff8,1,0,113.262449,23.123028,(020)81869725,life,http://api.map.baidu.com/place/detail?uid=c63e90e2a05cabb83010aff8&output=html&source=placeapi_v2,,07:30-22:00,,,,,,,,24,1,,,,,,,113.26226854652,23.122980744683,0
15acbae1bc0a46bc17c8f67a,出品靓面包店(堑口店),美食,蛋糕甜品店,广东省,广州市,海珠区,广东省广州市海珠区南华中路366号2楼,15acbae1bc0a46bc17c8f67a,1,0,113.268667,23.114447,,cater,http://api.map.baidu.com/place/detail?uid=15acbae1bc0a46bc17c8f67a&output=html&source=placeapi_v2,,,3,,,,,,,,2,,,,,,,113.26862442989,23.114509580589,0
657dc79d65c92ad716c905ee,蒸晶蛋糕,美食,蛋糕甜品店,广东省,广州市,越秀区,广东省广州市越秀区海珠南路126号,657dc79d65c92ad716c905ee,1,0,113.263302,23.119788,13798006299,cater,http://api.map.baidu.com/place/detail?uid=657dc79d65c92ad716c905ee&output=html&source=placeapi_v2,,,3.6,,,,,,,,,,,,,,,113.26324439915,23.119775495582,0
1c140f5ad14ec66cf7231022,长乐饼屋(宝岗二店),美食,蛋糕甜品店,广东省,广州市,海珠区,广东广州市海珠区宝岗大道207~211号,1c140f5ad14ec66cf7231022,1,0,113.269629,23.106569,(020)34122516,cater,http://api.map.baidu.com/place/detail?uid=1c140f5ad14ec66cf7231022&output=html&source=placeapi_v2,16.0,07:00-21:30,3.3,,,,,,,,,,,,,,,,,0
3b40304afa15f7129d9d68f4,欧贝尔烘焙坊,美食,蛋糕甜品店,广东省,广州市,荔湾区,广东省广州市荔湾区杉木栏路148号,3b40304afa15f7129d9d68f4,1,0,113.25336,23.116435,13538735117,cater,http://api.map.baidu.com/place/detail?uid=3b40304afa15f7129d9d68f4&output=html&source=placeapi_v2,,06:00-23:00,3.7,,,,,,,,0,,,,,,,113.25335939052,23.116405855151,0
87fbfef5b53dd99790114cda,舒心甜品(海珠南路店),美食,蛋糕甜品店,广东省,广州市,越秀区,广东省广州市越秀区海珠南路126号1203-1号(中通快递正对面),87fbfef5b53dd99790114cda,1,0,113.263394,23.119816,13413358577,cater,http://api.map.baidu.com/place/detail?uid=87fbfef5b53dd99790114cda&output=html&source=placeapi_v2,14.0,00:00-24:00,3.5,,,,,,,,0,,,,,,,113.26326550034,23.119692361735,0
591e86102d9cab6aab175a11,莎美其面包西饼店,美食,蛋糕甜品店,广东省,广州市,海珠区,广州市海珠区环珠直街同福西路小学东南侧约90米,,1,0,113.263598,23.106712,,cater,http://api.map.baidu.com/place/detail?uid=591e86102d9cab6aab175a11&output=html&source=placeapi_v2,,,,,,,,,,,,,,,,,,,,0
79cceb367f1d5e901f58009e,日美高级西饼屋(和平西路店),美食,蛋糕甜品店,广东省,广州市,荔湾区,广东省广州市荔湾区和平西路29号,79cceb367f1d5e901f58009e,1,0,113.251899,23.117301,(020)81951002,cater,http://api.map.baidu.com/place/detail?uid=79cceb367f1d5e901f58009e&output=html&source=placeapi_v2,13.0,07:00-21:00,3.6,,,,,,,,24,,,,,,,113.25195229375,23.117394023379,0
26cdf5b029eb3fbaca1b951d,明烨老婆饼(同福一店),美食,蛋糕甜品店,广东省,广州市,海珠区,广东省广州市海珠区同福中路408号3楼,26cdf5b029eb3fbaca1b951d,1,0,113.268759,23.111959,15818100497,cater,http://api.map.baidu.com/place/detail?uid=26cdf5b029eb3fbaca1b951d&output=html&source=placeapi_v2,13.0,06:30-22:30,4.2,,,,,,,,6,,,,,,,,,0
66b60cf0feb8b7d8f32d83cf,佳琪饼家,美食,蛋糕甜品店,广东省,广州市,海珠区,广东省广州市海珠区南华东路430号,66b60cf0feb8b7d8f32d83cf,1,0,113.26973,23.114831,13149374963,cater,http://api.map.baidu.com/place/detail?uid=66b60cf0feb8b7d8f32d83cf&output=html&source=placeapi_v2,,08:00-20:00,3.7,,,,,,,,0,,,,,,,113.26961359721,23.115021056592,0
22638b7f78a068285810933c,抱抱芝士蛋糕(江南西店),美食,蛋糕甜品店,广东省,广州市,海珠区,广东省广州市海珠区南田路112号顺龙商务中心2楼,22638b7f78a068285810933c,1,0,113.265343,23.102523,4008400822,cater,http://api.map.baidu.com/place/detail?uid=22638b7f78a068285810933c&output=html&source=placeapi_v2,126.0,12:00-21:00,0,,,,,,,,0,,,,,,,,,0
eee4408ea72a83a6157643a9,赞记龙凤礼饼(同福东路店),美食,蛋糕甜品店,广东省,广州市,海珠区,广东省广州市海珠区同福东路632号,eee4408ea72a83a6157643a9,1,0,113.275072,23.112559,18922302212,cater,http://api.map.baidu.com/place/detail?uid=eee4408ea72a83a6157643a9&output=html&source=placeapi_v2,17.0,07:00-22:00,3.9,,,,,,,,5,,,,,,,113.2750918406,23.11263157115,0
8cba4bb092eb6f9dac045785,芬芳甜品(同福路店),美食,蛋糕甜品店,广东省,广州市,海珠区,广东省广州市海珠区同福东路619号,8cba4bb092eb6f9dac045785,1,0,113.274613,23.112847,"(020)84401826,(020)84494843",cater,http://api.map.baidu.com/place/detail?uid=8cba4bb092eb6f9dac045785&output=html&source=placeapi_v2,23.0,07:00-23:00,3.9,,,,,,,,47,,,,,,,113.27459145838,23.112741468745,0
57375057d02685585a3ac8a4,全土鸡蛋无水蛋糕,美食,蛋糕甜品店,广东省,广州市,越秀区,广东省广州市越秀区海珠南路172号,57375057d02685585a3ac8a4,1,0,113.262894,23.121072,18520446634,cater,http://api.map.baidu.com/place/detail?uid=57375057d02685585a3ac8a4&output=html&source=placeapi_v2,10.0,07:00-19:00,3.6,,,,,,,,0,,,,,,,,,0
42af79790673bbbb9e9d683f,85°C(海印缤缤广场店),美食,蛋糕甜品店,广东省,广州市,越秀区,广州市越秀区广州起义路1号海印缤缤广场F1,42af79790673bbbb9e9d683f,1,0,113.271482,23.122063,(020)83025790,cater,http://api.map.baidu.com/place/detail?uid=42af79790673bbbb9e9d683f&output=html&source=placeapi_v2,26.0,07:00-24:00,3.9,,,,,,,,2,,,,,,,113.27081989575,23.121068231161,0
98d23e959a6fb752210220bc,老香港纯收工蛋糕,美食,蛋糕甜品店,广东省,广州市,越秀区,广东省广州市越秀区海珠南路160号首层,98d23e959a6fb752210220bc,1,0,113.262984,23.120822,18026260032,cater,http://api.map.baidu.com/place/detail?uid=98d23e959a6fb752210220bc&output=html&source=placeapi_v2,,08:00-22:00,,,,,,,,,,,,,,,,113.26292535427,23.120806353717,0
61f634f6fdbfe9616a49f3e9,利口福(起义店),美食,蛋糕甜品店,广东省,广州市,越秀区,广东省广州市越秀区起义路36号,61f634f6fdbfe9616a49f3e9,1,0,113.271022,23.123293,(020)83182579,cater,http://api.map.baidu.com/place/detail?uid=61f634f6fdbfe9616a49f3e9&output=html&source=placeapi_v2,52.0,07:00-22:00,3.7,,,,,,,,2,,,,,,,113.27092938032,23.123142647558,0
69239cd1a499bc9748cc4a6f,C Cake Time(江南西店),美食,蛋糕甜品店,广东省,广州市,海珠区,广东省广州市海珠区紫龙大街59号,69239cd1a499bc9748cc4a6f,1,0,113.276767,23.103464,"(020)84410526,13660042736",cater,http://api.map.baidu.com/place/detail?uid=69239cd1a499bc9748cc4a6f&output=html&source=placeapi_v2,56.0,10:00-19:00,0,,,,,,,,0,,,,,,,113.27669082441,23.103498098304,0
74d7c35858b273954354d7c3,美心西饼(领展购物广场店),美食,蛋糕甜品店,广东省,广州市,荔湾区,广东省广州市荔湾区黄沙大道8号领展购物广场B1,74d7c35858b273954354d7c3,1,0,113.246909,23.116921,(020)81193962,cater,http://api.map.baidu.com/place/detail?uid=74d7c35858b273954354d7c3&output=html&source=placeapi_v2,51.0,10:00-22:00,4.1,,,,,,,,0,,,,,,,113.24781255702,23.115985179365,0
8f09a881c37c2ca56d20b91b,明烨老婆饼(大德路店),美食,蛋糕甜品店,广东省,广州市,越秀区,广东省广州市越秀区大德路114号,8f09a881c37c2ca56d20b91b,1,0,113.26305,23.123261,13719490804,cater,http://api.map.baidu.com/place/detail?uid=8f09a881c37c2ca56d20b91b&output=html&source=placeapi_v2,22.0,07:00-22:00,3.8,,,,,,,,8,,,,,,,113.26304913358,23.123403756379,0
635ea02419b6eb0fab175a14,麦奇香面包坊(宝岗大道店),美食,蛋糕甜品店,广东省,广州市,海珠区,广州市海珠区宝岗大道荣德街30号之11号,635ea02419b6eb0fab175a14,1,0,113.27027,23.105338,(020)84127687,cater,http://api.map.baidu.com/place/detail?uid=635ea02419b6eb0fab175a14&output=html&source=placeapi_v2,10.0,06:00-24:00,0,,,,,,,,0,,,,,,,113.27023697003,23.105295401563,0
f3aaa771001f301ef82d61fb,利口福(市二宫店),美食,蛋糕甜品店,广东省,广州市,海珠区,广东省广州市海珠区江南大道中79号114号,f3aaa771001f301ef82d61fb,1,0,113.277091,23.111271,(020)89449461,cater,http://api.map.baidu.com/place/detail?uid=f3aaa771001f301ef82d61fb&output=html&source=placeapi_v2,22.0,07:00-22:00,3.5,,,,,,,,0,,,,,,,113.27682377272,23.111164652349,0
b1afd9dd1a70b1b585420e7f,欧风麦甜(文昌南路店),美食,蛋糕甜品店,广东省,广州市,荔湾区,广东省广州市荔湾区文昌南路50号108铺,b1afd9dd1a70b1b585420e7f,1,0,113.251183,23.121043,(020)29822513,cater,http://api.map.baidu.com/place/detail?uid=b1afd9dd1a70b1b585420e7f&output=html&source=placeapi_v2,14.0,08:00-18:00,0,,,,,,,,0,,,,,,,113.25110931039,23.121022620761,0
dfc496b6068613b68836ee8c,海珠美点(海珠中路二店),美食,蛋糕甜品店,广东省,广州市,越秀区,广东省广州市越秀区海珠中路155-1号,dfc496b6068613b68836ee8c,1,0,113.263101,23.127727,(020)88231573,cater,http://api.map.baidu.com/place/detail?uid=dfc496b6068613b68836ee8c&output=html&source=placeapi_v2,10.0,07:00-23:00,4.7,,,,,,,,22,,,,,,,113.26322192893,23.127704137253,0
1dabcc8c185c66c5e8e5827b,TEMPO COFFEE,美食,蛋糕甜品店,广东省,广州市,海珠区,广东省广州市海珠区海逸街7911号力迅时光里109号铺,1dabcc8c185c66c5e8e5827b,1,0,113.276815,23.108839,15817013167,cater,http://api.map.baidu.com/place/detail?uid=1dabcc8c185c66c5e8e5827b&output=html&source=placeapi_v2,27.0,10:00-22:30,4.5,,,,,,,,0,,,,,,,,,0
27a839f9c81581d3cb213dff,圣安娜饼屋(革新路店),美食,蛋糕甜品店,广东省,广州市,海珠区,广东省广州市海珠区革新路129号103铺,27a839f9c81581d3cb213dff,1,0,113.260574,23.09733,(020)89206052,cater,http://api.map.baidu.com/place/detail?uid=27a839f9c81581d3cb213dff&output=html&source=placeapi_v2,75.0,07:00-22:00,3.6,,,,,,,,26,,,,,,,113.26045313486,23.097294324448,0
4413345a78d6ebe9c27da232,海陆烘焙(长寿路店),美食,蛋糕甜品店,广东省,广州市,荔湾区,广东省广州市荔湾区长寿路长寿直街3号首层,4413345a78d6ebe9c27da232,1,0,113.255056,23.124021,13798133628,cater,http://api.map.baidu.com/place/detail?uid=4413345a78d6ebe9c27da232&output=html&source=placeapi_v2,10.0,06:00-23:00,3.5,,,,,,,,0,,,,,,,,,0
641989f50d2a49b458f6bea6,恭喜(江南西店),美食,蛋糕甜品店,广东省,广州市,海珠区,广东省广州市海珠区紫山大街2号之6号,641989f50d2a49b458f6bea6,1,0,113.276052,23.101034,13824430229,cater,http://api.map.baidu.com/place/detail?uid=641989f50d2a49b458f6bea6&output=html&source=placeapi_v2,28.0,11:00-22:00,4.3,,,,,,,,0,,,,,,,113.27583479315,23.10102575238,0
cf13192954977650d813180c,浓心爷爷·现烤面包(革新路店),美食,蛋糕甜品店,广东省,广州市,海珠区,广东省广州市海珠区革新路新民六街8号,cf13192954977650d813180c,1,0,113.259976,23.099913,13631366242,cater,http://api.map.baidu.com/place/detail?uid=cf13192954977650d813180c&output=html&source=placeapi_v2,12.0,07:00-19:00,3.8,,,,,,,,0,,,,,,,113.25998354565,23.099883179021,0
f44f0a67085a626359bbbc2a,CoCo都可茶饮(东方汇店),美食,蛋糕甜品店,广东省,广州市,荔湾区,广东省广州市荔湾区下九路5860号东方汇F1,f44f0a67085a626359bbbc2a,1,0,113.25463,23.12021,15992421503,cater,http://api.map.baidu.com/place/detail?uid=f44f0a67085a626359bbbc2a&output=html&source=placeapi_v2,14.0,,4.1,,,,,,,,3,,,,,,,113.254682,23.120036010916,0
2ad32cc3acd8c0969c95de88,明华饼店,美食,蛋糕甜品店,广东省,广州市,越秀区,广东省广州市越秀区起义路78号,2ad32cc3acd8c0969c95de88,1,0,113.270997,23.124678,(020)83326046,cater,http://api.map.baidu.com/place/detail?uid=2ad32cc3acd8c0969c95de88&output=html&source=placeapi_v2,21.0,07:00-23:30,4.1,,,,,,,,6,,,,,,,113.27085041118,23.124724474469,0
25298d7c33689fa6f4231061,然然点心屋,美食,蛋糕甜品店,广东省,广州市,越秀区,广东省广州市越秀区大新路小新街73号,25298d7c33689fa6f4231061,1,0,113.267309,23.122841,(020)83307657,cater,http://api.map.baidu.com/place/detail?uid=25298d7c33689fa6f4231061&output=html&source=placeapi_v2,7.0,06:00-19:00,3.5,,,,,,,,0,,,,,,,113.26737864185,23.122527018859,0
f1f5cac50a44438137b06c85,顺记冰室,美食,蛋糕甜品店,广东省,广州市,荔湾区,广东省广州市荔湾区宝华路83号,f1f5cac50a44438137b06c85,1,0,113.248257,23.121162,(020)81814287,cater,http://api.map.baidu.com/place/detail?uid=f1f5cac50a44438137b06c85&output=html&source=placeapi_v2,25.0,09:00-24:00,3.9,,,,,,,,6,,,,,,,113.24832278287,23.121135849514,0
ead3233b36d1f3a00bccdd2d,桂花甜品(大德路店),美食,蛋糕甜品店,广东省,广州市,越秀区,广东省广州市越秀区大德路90号之4号,ead3233b36d1f3a00bccdd2d,1,0,113.262406,23.122979,13533526433,cater,http://api.map.baidu.com/place/detail?uid=ead3233b36d1f3a00bccdd2d&output=html&source=placeapi_v2,15.0,10:00-24:00,3.8,,,,,,,,1,,,,,,,113.26229493334,23.122957577333,0
9d6cdbe09201690ec356ac7f,巴黎天使烘焙公馆(革新路店),美食,蛋糕甜品店,广东省,广州市,海珠区,革新路凤乐雅轩109铺,9d6cdbe09201690ec356ac7f,1,0,113.259398,23.102158,"13189041684,13560072342",cater,http://api.map.baidu.com/place/detail?uid=9d6cdbe09201690ec356ac7f&output=html&source=placeapi_v2,12.0,06:00-23:00,3.2,,,,,,,,26,,,,,,,,,0
871c1b44d64a737fadb22af9,御尚糕点店(珠玑店),美食,蛋糕甜品店,广东省,广州市,荔湾区,广东省广州市荔湾区珠玑路96号,871c1b44d64a737fadb22af9,1,0,113.250393,23.118027,13719032248,cater,http://api.map.baidu.com/place/detail?uid=871c1b44d64a737fadb22af9&output=html&source=placeapi_v2,,,3.7,,,,,,,,2,,,,,,,113.2503320255,23.118038125347,0
803708f12e4485600189720a,大卡司(东急广场店),美食,蛋糕甜品店,广东省,广州市,荔湾区,下九路58-60号首层1F077铺,803708f12e4485600189720a,1,0,113.255099,23.120534,18928764554,cater,http://api.map.baidu.com/place/detail?uid=803708f12e4485600189720a&output=html&source=placeapi_v2,10.0,10:30-21:00,3.5,,,,,,,,8,,,,,,,113.25487756366,23.12020660275,0
2ae5c081cb5e965a1fe9994d,圣安娜饼屋(江南新村分店),美食,蛋糕甜品店,广东省,广州市,海珠区,广东省广州市海珠区江南西路79号,2ae5c081cb5e965a1fe9994d,1,0,113.275859,23.100225,(020)34003642,cater,http://api.map.baidu.com/place/detail?uid=2ae5c081cb5e965a1fe9994d&output=html&source=placeapi_v2,16.0,07:00-22:00,3.9,,,,,,,,0,,,,,,,113.27590104678,23.100318008717,0
7d3a2af0139844b24207c108,利口福(革新路店),美食,蛋糕甜品店,广东省,广州市,海珠区,广东省广州市海珠区广州市海珠区革新路129号103铺自编之五,7d3a2af0139844b24207c108,1,0,113.260676,23.09714,(020)34479649,cater,http://api.map.baidu.com/place/detail?uid=7d3a2af0139844b24207c108&output=html&source=placeapi_v2,24.0,07:00-21:00,3.5,,,,,,,,0,,,,,,,113.26052007389,23.097090154925,0
63e9642d81e19f4b8f55ec82,顺禧甜品店,美食,蛋糕甜品店,广东省,广州市,海珠区,广东省广州市海珠区荔福路63号5号,63e9642d81e19f4b8f55ec82,1,0,113.270243,23.097262,13802755394,cater,http://api.map.baidu.com/place/detail?uid=63e9642d81e19f4b8f55ec82&output=html&source=placeapi_v2,11.0,10:00-22:00,3.7,,,,,,,,1,,,,,,,,,0
8a167525e6911d22abf72943,85°C(前进路店),美食,蛋糕甜品店,广东省,广州市,海珠区,广东省广州市海珠区江南大道中9号首层自编A01、G07铺,8a167525e6911d22abf72943,1,0,113.278019,23.110257,(020)89627215,cater,http://api.map.baidu.com/place/detail?uid=8a167525e6911d22abf72943&output=html&source=placeapi_v2,16.0,07:00-24:00,3.9,,,,,,,,0,,,,,,,113.27802062917,23.110070169244,0
fb4c12dc3c726eb96140a970,美心西饼(广百广场店),美食,蛋糕甜品店,广东省,广州市,海珠区,广东省广州市海珠区宝岗大道498号广百广场F1,fb4c12dc3c726eb96140a970,1,0,113.272614,23.100066,(020)34378931,life,http://api.map.baidu.com/place/detail?uid=fb4c12dc3c726eb96140a970&output=html&source=placeapi_v2,,10:00-22:00,,,,,,,,21,1,,,,,,,113.27291728909,23.100221563079,0
f7ac2737bfbaf3b3363a7186,老香港蛋糕(沙园店),美食,蛋糕甜品店,广东省,广州市,海珠区,广东省广州市海珠区工业大道北103-2号2房,f7ac2737bfbaf3b3363a7186,1,0,113.26675,23.095564,13750871668,cater,http://api.map.baidu.com/place/detail?uid=f7ac2737bfbaf3b3363a7186&output=html&source=placeapi_v2,17.0,07:00-23:00,3.6,,,,,,,,1,,,,,,,,,0
96698ac54c82dbc404026fb4,KFC甜品站(领展购物广场餐厅),美食,蛋糕甜品店,广东省,广州市,荔湾区,广东省广州市荔湾区黄沙大道8号领展购物广场F1,96698ac54c82dbc404026fb4,1,0,113.246157,23.11552,(020)86535204,cater,http://api.map.baidu.com/place/detail?uid=96698ac54c82dbc404026fb4&output=html&source=placeapi_v2,20.0,10:00-22:00,3.6,,,,,,,,0,,,,,,,113.24595929166,23.115279221472,0
3a0fbba86aee99589ee32156,长乐饼屋(同福东路店),美食,蛋糕甜品店,广东省,广州市,海珠区,广东省广州市海珠区江南大道南399-2号,3a0fbba86aee99589ee32156,1,0,113.275368,23.112521,(020)84412116,cater,http://api.map.baidu.com/place/detail?uid=3a0fbba86aee99589ee32156&output=html&source=placeapi_v2,11.0,06:00-23:00,3.7,,,,,,,,4,,,,,,,113.27531994103,23.112588073157,0
26b95b1437130311d23ce396,美心西饼(恒宝广场宝华路店),美食,蛋糕甜品店,广东省,广州市,荔湾区,广州市荔湾区宝华路133号恒宝广场F1,26b95b1437130311d23ce396,1,0,113.248004,23.122787,(020)81240616,cater,http://api.map.baidu.com/place/detail?uid=26b95b1437130311d23ce396&output=html&source=placeapi_v2,24.0,10:00-22:30,4.1,,,,,,,,14,,,,,,,113.24765984508,23.122674116595,0
6c5b91df354f41d9256e98ba,平安堂凉茶(龙津东路店),美食,蛋糕甜品店,广东省,广州市,荔湾区,广东省广州市荔湾区龙津东路881号,6c5b91df354f41d9256e98ba,1,0,113.2585,23.127591,18024540816,life,http://api.map.baidu.com/place/detail?uid=6c5b91df354f41d9256e98ba&output=html&source=placeapi_v2,,09:00-23:00,3.6,,,,,,,11,5,,,,,,,113.25838338507,23.127553184031,0
98232aefba6e5ebc853304ba,古老东方(同福东路店),美食,蛋糕甜品店,广东省,广州市,海珠区,广东省广州市海珠区同福东路629号,98232aefba6e5ebc853304ba,1,0,113.275146,23.112726,13751766535,cater,http://api.map.baidu.com/place/detail?uid=98232aefba6e5ebc853304ba&output=html&source=placeapi_v2,4.0,07:00-19:00,3.5,,,,,,,,2,,,,,,,113.27513302791,23.112622226025,0
d5742e2bd4c70880a0acc4ae,miss迷失烘焙工作室,美食,蛋糕甜品店,广东省,广州市,海珠区,广东省广州市海珠区南田西路53号乐居苑c45号铺,d5742e2bd4c70880a0acc4ae,1,0,113.267588,23.101873,18529407733,cater,http://api.map.baidu.com/place/detail?uid=d5742e2bd4c70880a0acc4ae&output=html&source=placeapi_v2,,10:00-21:00,3.5,,,,,,,,0,,,,,,,,,0
98232aefba6e5ebc853304ba,古老东方(同福东路店),美食,蛋糕甜品店,广东省,广州市,海珠区,广东省广州市海珠区同福东路629号,98232aefba6e5ebc853304ba,1,0,113.275146,23.112726,13751766535,cater,http://api.map.baidu.com/place/detail?uid=98232aefba6e5ebc853304ba&output=html&source=placeapi_v2,4.0,07:00-19:00,3.5,,,,,,,,2,,,,,,,113.27513302791,23.112622226025,0
8f25f4f042f9b385fbdc853a,美滋味(上下九),美食,蛋糕甜品店,广东省,广州市,荔湾区,广州市荔湾区康王南路名汇大厦,8f25f4f042f9b385fbdc853a,1,0,113.253981,23.120758,,cater,http://api.map.baidu.com/place/detail?uid=8f25f4f042f9b385fbdc853a&output=html&source=placeapi_v2,,,,,,,,,,,,,,,,,,,,0
49d9593889ba525ac71e51ba,荔湾名食家,美食,蛋糕甜品店,广东省,广州市,荔湾区,广东省广州市荔湾区第十甫路99号,49d9593889ba525ac71e51ba,1,0,113.250734,23.119175,(020)81391405,cater,http://api.map.baidu.com/place/detail?uid=49d9593889ba525ac71e51ba&output=html&source=placeapi_v2,28.0,07:30-23:00,4.5,,,,,,,,32,,,,,,,113.25068031112,23.119133386214,0
5ddddbc757c6b10f36b06c5a,西关美食糖水(十甫名都商城店),美食,蛋糕甜品店,广东省,广州市,荔湾区,广东省广州市荔湾区康王南路下九路92号,,1,0,113.254218,23.120179,13538869366,cater,http://api.map.baidu.com/place/detail?uid=5ddddbc757c6b10f36b06c5a&output=html&source=placeapi_v2,3.0,10:00-20:00,4,,,,,,,,1,,,,,,,113.25474507258,23.120167251696,0
73df56c37322a744a8175ae5,石磨甜品·传统手工制作,美食,蛋糕甜品店,广东省,广州市,越秀区,大德路96号,73df56c37322a744a8175ae5,1,0,113.262492,23.123109,,cater,http://api.map.baidu.com/place/detail?uid=73df56c37322a744a8175ae5&output=html&source=placeapi_v2,,,0,,,,,,,,0,,,,,,,,,0
d6c5d9916b31f5f131169b91,沙湾姜埋奶(兴新包店),美食,蛋糕甜品店,广东省,广州市,荔湾区,广东省广州市荔湾区龙津东路733号,d6c5d9916b31f5f131169b91,1,0,113.255777,23.128477,(020)81871221,cater,http://api.map.baidu.com/place/detail?uid=d6c5d9916b31f5f131169b91&output=html&source=placeapi_v2,14.0,14:00-23:00,4.3,,,,,,,,15,,,,,,,113.25576257066,23.12834848487,0
8f04c835001ea8c3ad080f8a,利口福(宝业路店),美食,蛋糕甜品店,广东省,广州市,海珠区,广东省广州市海珠区宝业路592~594号,8f04c835001ea8c3ad080f8a,1,0,113.268443,23.097604,(020)89578917,cater,http://api.map.baidu.com/place/detail?uid=8f04c835001ea8c3ad080f8a&output=html&source=placeapi_v2,27.0,,4.0,,,,,,,,0,,,,,,,113.26843465747,23.097439919667,0
f124bd1de471f9ea6849f3f0,利众食品(二分店),美食,蛋糕甜品店,广东省,广州市,荔湾区,广州市荔湾区珠玑路28号,f124bd1de471f9ea6849f3f0,1,0,113.249795,23.116098,"(020)81949395,13544461393",cater,http://api.map.baidu.com/place/detail?uid=f124bd1de471f9ea6849f3f0&output=html&source=placeapi_v2,,05:00-18:00,,,,,,,,,,,,,,,,113.24979724806,23.116036579192,0
e205840f21cb07a48bb98866,予甜烘焙坊,美食,蛋糕甜品店,广东省,广州市,越秀区,广东省广州市越秀区大德路23号107铺,e205840f21cb07a48bb98866,1,0,113.26105,23.122834,18839604919,cater,http://api.map.baidu.com/place/detail?uid=e205840f21cb07a48bb98866&output=html&source=placeapi_v2,,09:30-20:00,,,,,,,,,,,,,,,,,,0
782ca5c7fc924cbe2302628e,长乐饼屋(江南西店),美食,蛋糕甜品店,广东省,广州市,海珠区,广东省广州市海珠区江南西路88号之2号,782ca5c7fc924cbe2302628e,1,0,113.275239,23.100214,(020)34400071,cater,http://api.map.baidu.com/place/detail?uid=782ca5c7fc924cbe2302628e&output=html&source=placeapi_v2,11.0,06:00-22:30,3.9,,,,,,,,47,,,,,,,113.27527820575,23.100104659225,0
68d18ae7a7eaab0bb5147f64,美心西饼(万国奥特莱斯店),美食,蛋糕甜品店,广东省,广州市,海珠区,广东省广州市海珠区前进路40号万国奥特莱斯F1,68d18ae7a7eaab0bb5147f64,1,0,113.279901,23.1087,(020)84230128,cater,http://api.map.baidu.com/place/detail?uid=68d18ae7a7eaab0bb5147f64&output=html&source=placeapi_v2,49.0,07:30-22:00,4.0,,,,,,,,12,,,,,,,113.27985816638,23.108747576511,0
646b2855f778081a14c8f679,黑钻休闲小站(惠福东路店),美食,蛋糕甜品店,广东省,广州市,越秀区,广东省广州市越秀区惠福东路盐运西正街3号1楼,646b2855f778081a14c8f679,1,0,113.272123,23.127647,(020)83315589,cater,http://api.map.baidu.com/place/detail?uid=646b2855f778081a14c8f679&output=html&source=placeapi_v2,24.0,10:00-24:00,4.5,,,,,,,,4,,,,,,,,,0
edd64ce135cd6a883ee2318d,山草堂草药凉茶,美食,蛋糕甜品店,广东省,广州市,海珠区,广东省广州市海珠区革新路16-16号,edd64ce135cd6a883ee2318d,1,0,113.259582,23.102941,13501508863,cater,http://api.map.baidu.com/place/detail?uid=edd64ce135cd6a883ee2318d&output=html&source=placeapi_v2,14.0,10:00-22:00,3.7,,,,,,,,17,,,,,,,113.25958808382,23.102856513014,0
950d56670a480dcb283a9ff3,奇华饼家(领展购物广场店),美食,蛋糕甜品店,广东省,广州市,荔湾区,广东省广州市荔湾区黄沙大道8号领展购物广场B1,950d56670a480dcb283a9ff3,1,0,113.247125,23.115597,(020)31018270,cater,http://api.map.baidu.com/place/detail?uid=950d56670a480dcb283a9ff3&output=html&source=placeapi_v2,88.0,10:00-22:00,3.6,,,,,,,,3,,,,,,,113.24781255702,23.115985179365,0
e208a5f6a7780f11f219370d,哈根达斯(万国奥特莱斯店),美食,蛋糕甜品店,广东省,广州市,海珠区,广东省广州市海珠区前进路40号万国奥特莱斯F1,e208a5f6a7780f11f219370d,1,0,113.279135,23.107835,(020)84418022,cater,http://api.map.baidu.com/place/detail?uid=e208a5f6a7780f11f219370d&output=html&source=placeapi_v2,59.0,10:00-22:00,4.2,,,,,,,,12,,,,,,,113.27889637787,23.107992946888,0
32915e84a54df9d795f08ca3,Cake day(革新路店),美食,蛋糕甜品店,广东省,广州市,海珠区,广东省广州市海珠区革新路19-42号,32915e84a54df9d795f08ca3,1,0,113.260523,23.097988,18218408132,cater,http://api.map.baidu.com/place/detail?uid=32915e84a54df9d795f08ca3&output=html&source=placeapi_v2,32.0,11:00-19:00,3.7,,,,,,,,,,,,,,,113.26057733817,23.097990516736,0
0cffc43133815a455ed4fe5b,面包新语(领展购物广场店),美食,蛋糕甜品店,广东省,广州市,荔湾区,广东省广州市荔湾区黄沙大道8号领展购物广场B1,0cffc43133815a455ed4fe5b,1,0,113.247265,23.115535,(020)31025791,cater,http://api.map.baidu.com/place/detail?uid=0cffc43133815a455ed4fe5b&output=html&source=placeapi_v2,22.0,10:00-22:30,3.9,,,,,,,,132,,,,,,,113.24781255702,23.115985179365,0
b2dc28e88d448e90744ff18b,王子调茶室(同福路店),美食,蛋糕甜品店,广东省,广州市,海珠区,广东省广州市海珠区同福东路598号15铺,b2dc28e88d448e90744ff18b,1,0,113.273643,23.112682,18520292472,cater,http://api.map.baidu.com/place/detail?uid=b2dc28e88d448e90744ff18b&output=html&source=placeapi_v2,18.0,10:30-23:00,4.1,,,,,,,,6,,,,,,,113.27374006148,23.112926896906,0
6a42e21931170e2adbd8917f,茶豆柑,美食,蛋糕甜品店,广东省,广州市,海珠区,广东省广州市海珠区紫龙大街41号104铺,6a42e21931170e2adbd8917f,1,0,113.277004,23.102909,"15013137988,18620179054",cater,http://api.map.baidu.com/place/detail?uid=6a42e21931170e2adbd8917f&output=html&source=placeapi_v2,59.0,12:00-22:00,4.5,,,,,,,1,,,,,,,,113.27673379575,23.102831917105,0
66532370688a100f2bb97cef,面包新语(恒宝广场宝华路店),美食,蛋糕甜品店,广东省,广州市,荔湾区,广州市荔湾区宝华路133号恒宝广场F1,66532370688a100f2bb97cef,1,0,113.248026,23.123755,(020)82645814,cater,http://api.map.baidu.com/place/detail?uid=66532370688a100f2bb97cef&output=html&source=placeapi_v2,22.0,10:00-20:00,4.0,,,,,,,,0,,,,,,,113.24765984508,23.122674116595,0
b2f9675822c85447c7f50d53,黎恩凉茶(惠福西路店),美食,蛋糕甜品店,广东省,广州市,越秀区,广东省广州市越秀区惠福西路280号,b2f9675822c85447c7f50d53,1,0,113.26717,23.126023,13726731822,cater,http://api.map.baidu.com/place/detail?uid=b2f9675822c85447c7f50d53&output=html&source=placeapi_v2,15.0,09:00-23:00,3.6,,,,,,,,0,,,,,,,113.26704659939,23.12613690225,0
50fb64ffeca71444e8f853b1,茗点饼屋(荔福路店),美食,蛋糕甜品店,广东省,广州市,海珠区,广东省广州市海珠区荔福路50号,50fb64ffeca71444e8f853b1,1,0,113.268863,23.096899,13660810680,cater,http://api.map.baidu.com/place/detail?uid=50fb64ffeca71444e8f853b1&output=html&source=placeapi_v2,7.0,06:30-20:00,3.6,,,,,,,,2,,,,,,,113.26895599985,23.096957010489,0
ef4b55cc8fe3156dca09f032,唐糖甜品(江南西店),美食,蛋糕甜品店,广东省,广州市,海珠区,江南西路紫金大街19号,ef4b55cc8fe3156dca09f032,1,0,113.273236,23.100597,18620208103,cater,http://api.map.baidu.com/place/detail?uid=ef4b55cc8fe3156dca09f032&output=html&source=placeapi_v2,,,,,,,,,,1,,,,,,,,,,0
278243335446b3570bf5eba5,hitea茶室(沿江路店),美食,蛋糕甜品店,广东省,广州市,越秀区,广东省广州市越秀区沿江中路沿江大厦1楼,278243335446b3570bf5eba5,1,0,113.276087,23.120994,13265951875,cater,http://api.map.baidu.com/place/detail?uid=278243335446b3570bf5eba5&output=html&source=placeapi_v2,24.0,11:00-24:00,3.7,,,,,,,,0,,,,,,,113.27612993412,23.120883273789,0
34bdf324df767f787dc876ac,CoCo都可茶饮(恒宝广场宝华路店),美食,蛋糕甜品店,广东省,广州市,荔湾区,广州市荔湾区宝华路133号恒宝广场B1,34bdf324df767f787dc876ac,1,0,113.247945,23.124078,,cater,http://api.map.baidu.com/place/detail?uid=34bdf324df767f787dc876ac&output=html&source=placeapi_v2,12.0,10:00-22:00,0,,,,,,,,1,,,,,,,113.24772489408,23.122362057254,0
e3e2cd9d9adcd19ec6f50d9e,明烨老婆饼(金沙店),美食,蛋糕甜品店,广东省,广州市,海珠区,广东省广州市海珠区金沙路10号首层商铺,e3e2cd9d9adcd19ec6f50d9e,1,0,113.261973,23.09633,13719474425,cater,http://api.map.baidu.com/place/detail?uid=e3e2cd9d9adcd19ec6f50d9e&output=html&source=placeapi_v2,17.0,07:00-22:00,3.7,,,,,,,,4,,,,,,,,,0
a106c79140b027634d2fdf96,甜蜜时光(海珠广场店),美食,蛋糕甜品店,广东省,广州市,荔湾区,广东省广州市荔湾区宝华路133号(近长寿路地铁站)恒宝广场B1楼,a106c79140b027634d2fdf96,1,0,113.24885,23.123696,,cater,http://api.map.baidu.com/place/detail?uid=a106c79140b027634d2fdf96&output=html&source=placeapi_v2,23.0,10:00-19:00,2.7,,,,,,,,3,,,,,,,,,0
5202e839004e0c834d3a5995,黎恩凉茶(海珠区妇幼保健院东南),美食,蛋糕甜品店,广东省,广州市,海珠区,广东省广州市海珠区宝岗大道99号,5202e839004e0c834d3a5995,1,0,113.272254,23.101832,,cater,http://api.map.baidu.com/place/detail?uid=5202e839004e0c834d3a5995&output=html&source=placeapi_v2,21.0,10:00-21:00,3.6,,,,,,,,2,,,,,,,113.27211930455,23.101770349124,0
4a27707141806e38b7265562,黎泉凉茶(恩宁路店),美食,蛋糕甜品店,广东省,广州市,荔湾区,广东省广州市荔湾区恩宁路234号,4a27707141806e38b7265562,1,0,113.247428,23.119201,(020)81956065,cater,http://api.map.baidu.com/place/detail?uid=4a27707141806e38b7265562&output=html&source=placeapi_v2,,08:00-24:00,3.6,,,,,,,,1,,,,,,,113.24742152553,23.119269149087,0
10ace4922509460828201a93,黎恩凉茶(江南西店),美食,蛋糕甜品店,广东省,广州市,海珠区,广东省广州市海珠区江南西紫丹大街99号,10ace4922509460828201a93,1,0,113.275924,23.103911,13268390095,cater,http://api.map.baidu.com/place/detail?uid=10ace4922509460828201a93&output=html&source=placeapi_v2,14.0,09:00-23:30,3.2,,,,,,,,1,,,,,,,113.27594378097,23.104038853505,0
27c961e96d7de269276e9875,包工坊中式点心连锁(人民中路店),美食,蛋糕甜品店,广东省,广州市,越秀区,广东省广州市越秀区人民中路308号,27c961e96d7de269276e9875,1,0,113.259589,23.125447,18011996939,cater,http://api.map.baidu.com/place/detail?uid=27c961e96d7de269276e9875&output=html&source=placeapi_v2,11.0,06:00-22:30,3.3,,,,,,,,1,,,,,,,,,0
b388f9fd36195941b35c6a65,美香源西饼屋(荔福路店),美食,蛋糕甜品店,广东省,广州市,海珠区,广东广州市海珠区沙园街道荔福路63号D12号,b388f9fd36195941b35c6a65,1,0,113.270566,23.097249,13543486436,life,http://api.map.baidu.com/place/detail?uid=b388f9fd36195941b35c6a65&output=html&source=placeapi_v2,,07:00-19:00,,,,,,,,15,9,,,,,,,113.270563284,23.097201334167,0
f63f7b380ffc153446e274ee,不二家(前进北街店),美食,蛋糕甜品店,广东省,广州市,海珠区,广东省广州市海珠区前进北街99之4号,f63f7b380ffc153446e274ee,1,0,113.278364,23.110301,,cater,http://api.map.baidu.com/place/detail?uid=f63f7b380ffc153446e274ee&output=html&source=placeapi_v2,,00:00-24:00,4.7,,,,,,,,4,,,,,,,,,0
8c10601ca40afdd79122e034,1点点(领展购物广场店),美食,蛋糕甜品店,广东省,广州市,荔湾区,广东省广州市荔湾区黄沙大道8号领展购物广场B1,,1,0,113.246104,23.115918,"(020)31230929,(020)86535676",cater,http://api.map.baidu.com/place/detail?uid=8c10601ca40afdd79122e034&output=html&source=placeapi_v2,18.0,10:00-22:00,3.7,,,,,,,,,,,,,,,113.24781115296,23.115986331303,0
c6571f9036f458be0782c20c,黎恩凉茶(前进路店),美食,蛋糕甜品店,广东省,广州市,海珠区,广东省广州市海珠区前进路43号首层南面部分104号,c6571f9036f458be0782c20c,1,0,113.279863,23.109484,13726731822,cater,http://api.map.baidu.com/place/detail?uid=c6571f9036f458be0782c20c&output=html&source=placeapi_v2,11.0,08:00-23:30,3.4,,,,,,,,1,,,,,,,113.27990662788,23.109454922147,0
8d7b267950119c6908f5ebde,盤盤甜点豆浆,美食,蛋糕甜品店,广东省,广州市,海珠区,广东省广州市海珠区紫山大街13号,8d7b267950119c6908f5ebde,1,0,113.275037,23.101025,18666029739,cater,http://api.map.baidu.com/place/detail?uid=8d7b267950119c6908f5ebde&output=html&source=placeapi_v2,,12:30-22:00,0,,,,,,,,1,,,,,,,,,0
3841f863317f9194364aaea4,靓点(光塔店),美食,蛋糕甜品店,广东省,广州市,越秀区,广东省广州市越秀区光塔路83号,3841f863317f9194364aaea4,1,0,113.264255,23.12907,(020)86535705,cater,http://api.map.baidu.com/place/detail?uid=3841f863317f9194364aaea4&output=html&source=placeapi_v2,,07:00-19:00,3.3,,,,,,,22,1,,,,,,,113.26426760326,23.129107833424,0
92b806d239c570e778b55c83,余氏凉茶(朝天路店),美食,蛋糕甜品店,广东省,广州市,越秀区,广东省广州市越秀区朝天路37号,92b806d239c570e778b55c83,1,0,113.266668,23.129344,13725125593,cater,http://api.map.baidu.com/place/detail?uid=92b806d239c570e778b55c83&output=html&source=placeapi_v2,,10:00-21:00,3.7,,,,,,,,14,,,,,,,113.26676094991,23.12934081566,0
67d11f630f63249429fc4844,挞柠(恒宝广场宝华路店),美食,蛋糕甜品店,广东省,广州市,荔湾区,广州市荔湾区宝华路133号恒宝广场B1,,1,0,113.248118,23.123746,18122757025,cater,http://api.map.baidu.com/place/detail?uid=67d11f630f63249429fc4844&output=html&source=placeapi_v2,,10:00-22:00,3.9,,,,,,,,,,,,,,,113.24765984508,23.122674116595,0
aefce88135f951e53417dcb3,美心西饼(滨江嘉仕花园店),美食,蛋糕甜品店,广东省,广州市,海珠区,广东广州市海珠区怡凤街2号101百佳购物广场A01铺,aefce88135f951e53417dcb3,1,0,113.302294,23.108903,(020)34238270,cater,http://api.map.baidu.com/place/detail?uid=aefce88135f951e53417dcb3&output=html&source=placeapi_v2,40.0,07:30-21:30,4.0,,,,,,,,8,,,,,,,113.30235658604,23.108951112605,0
3baeb4f037b1cb8978f796a5,绿叶居西饼(滨江东路店),美食,蛋糕甜品店,广东省,广州市,海珠区,广东省广州市海珠区滨江东路126号,3baeb4f037b1cb8978f796a5,1,0,113.30088,23.109241,(020)84047892,cater,http://api.map.baidu.com/place/detail?uid=3baeb4f037b1cb8978f796a5&output=html&source=placeapi_v2,19.0,06:00-22:30,3.7,,,,,,,,,,,,,,,113.30098658656,23.109415402788,0
c833d748a1f411e145e274d6,月照心舍,美食,蛋糕甜品店,广东省,广州市,越秀区,广东省广州市越秀区东湖路123号东山湖公园湖心岛,,1,0,113.298101,23.12036,18816786699,cater,http://api.map.baidu.com/place/detail?uid=c833d748a1f411e145e274d6&output=html&source=placeapi_v2,62.0,09:00-21:30,4.2,,,,,,,,0,,,,,,,,,0
760c4b0fc0b4b21be6e96599,细工坊(海联店),美食,蛋糕甜品店,广东省,广州市,海珠区,广东省广州市海珠区海联路179号3号,760c4b0fc0b4b21be6e96599,1,0,113.295152,23.10761,13697449482,cater,http://api.map.baidu.com/place/detail?uid=760c4b0fc0b4b21be6e96599&output=html&source=placeapi_v2,11.0,07:00-22:00,3.6,,,,,,,2,0,,,,,,,113.29503371537,23.107656652656,0
ff2c7bbe7fb38bef4354d7c8,小确幸(面包蛋糕),美食,蛋糕甜品店,广东省,广州市,海珠区,广东省广州市海珠区江怡路240号自编101号,ff2c7bbe7fb38bef4354d7c8,1,0,113.300605,23.106337,,cater,http://api.map.baidu.com/place/detail?uid=ff2c7bbe7fb38bef4354d7c8&output=html&source=placeapi_v2,,10:00-22:00,,,,,,,,,,,,,,,,,,0
018699024b10f21c15c90526,德姆鲜奶屋(金海湾店),美食,蛋糕甜品店,广东省,广州市,海珠区,广东省广州市海珠区滨江东路185号首层01房自编09号,018699024b10f21c15c90526,1,0,113.309169,23.10915,18027393776,cater,http://api.map.baidu.com/place/detail?uid=018699024b10f21c15c90526&output=html&source=placeapi_v2,16.0,08:00-22:00,3.7,,,,,,,,0,,,,,,,,,0
39d43f82cbc73e9fa9059de4,盛盛甜品(下渡村店),美食,蛋糕甜品店,广东省,广州市,海珠区,广东省广州市海珠区凤和乡下渡新区十八巷4号首层自编101号,39d43f82cbc73e9fa9059de4,1,0,113.309269,23.107945,(020)89021682,cater,http://api.map.baidu.com/place/detail?uid=39d43f82cbc73e9fa9059de4&output=html&source=placeapi_v2,10.0,09:30-22:00,3.9,,,,,,,,12,,,,,,,113.30936099206,23.108075482194,0
edd64ce135c46a883ee2319a,麦之福(远安新街店),美食,蛋糕甜品店,广东省,广州市,海珠区,广东省广州市海珠区滨江东路远安路3号1楼自编3号,edd64ce135c46a883ee2319a,1,0,113.290773,23.114118,(020)34293086,cater,http://api.map.baidu.com/place/detail?uid=edd64ce135c46a883ee2319a&output=html&source=placeapi_v2,12.0,06:30-23:30,3.3,,,,,,,,9,,,,,,,113.29062152976,23.113986289311,0
29102d7ca9fd9fc661685874,帝冠西饼(大沙头店),美食,蛋糕甜品店,广东省,广州市,越秀区,广东省广州市越秀区大沙头路25号109铺,29102d7ca9fd9fc661685874,1,0,113.292145,23.120277,13711650633,cater,http://api.map.baidu.com/place/detail?uid=29102d7ca9fd9fc661685874&output=html&source=placeapi_v2,7.0,06:00-23:00,3.7,,,,,,,,2,,,,,,,113.2920966031,23.120165528786,0
38a4d47082ca4f4f1f3894bd,利口福(海联路店),美食,蛋糕甜品店,广东省,广州市,海珠区,广东广州市海珠区海联路193号,38a4d47082ca4f4f1f3894bd,1,0,113.295622,23.107394,(020)34293301,cater,http://api.map.baidu.com/place/detail?uid=38a4d47082ca4f4f1f3894bd&output=html&source=placeapi_v2,16.0,07:00-22:00,3.5,,,,,,,,0,,,,,,,113.2955989274,23.107307594248,0
e43466f01fb4ab889f09f77e,芋西甜品糖水饮品,美食,蛋糕甜品店,广东省,广州市,海珠区,广东省广州市海珠区滨江东怡趣街7号103号之二字偏2号(都城快餐对面),e43466f01fb4ab889f09f77e,1,0,113.300767,23.106828,(020)34089833,cater,http://api.map.baidu.com/place/detail?uid=e43466f01fb4ab889f09f77e&output=html&source=placeapi_v2,15.0,09:00-23:30,3.6,,,,,,,23,1,,,,,,,113.30069457259,23.106809537297,0
4f6811bf93aa9e456b49f3df,Carême烘焙大师(东方红路店),美食,蛋糕甜品店,广东省,广州市,越秀区,广州市越秀区建设大道(近卜蜂莲花),,1,0,113.30768,23.119942,,cater,http://api.map.baidu.com/place/detail?uid=4f6811bf93aa9e456b49f3df&output=html&source=placeapi_v2,16.0,,0,,,,,,,,0,,,,,,,,,0
890fad23ef589dfe00ec017c,美心西饼(上渡路店),美食,蛋糕甜品店,广东省,广州市,海珠区,广东省广州市海珠区上渡路123号王朝广场1楼,890fad23ef589dfe00ec017c,1,0,113.314904,23.106389,(020)34155319,cater,http://api.map.baidu.com/place/detail?uid=890fad23ef589dfe00ec017c&output=html&source=placeapi_v2,30.0,07:30-21:30,3.9,,,,,,,,72,,,,,,,113.3148723232,23.106388192834,0
ebd1467296ee8c4ea3acc4eb,明烨老婆饼(海联路店),美食,蛋糕甜品店,广东省,广州市,海珠区,广东省广州市海珠区海联路64号122铺,ebd1467296ee8c4ea3acc4eb,1,0,113.294437,23.107399,13432085460,cater,http://api.map.baidu.com/place/detail?uid=ebd1467296ee8c4ea3acc4eb&output=html&source=placeapi_v2,8.0,06:30-22:30,0,,,,,,,,0,,,,,,,113.2944405319,23.107416750512,0
62513f8e791b0370081cc704,85°C(广州东银广场店),美食,蛋糕甜品店,广东省,广州市,海珠区,广东省广州市海珠区东晓路286号东银广场二期商场1楼14~15室AD轴(近华润万家),62513f8e791b0370081cc704,1,0,113.289756,23.106079,(020)84171785,cater,http://api.map.baidu.com/place/detail?uid=62513f8e791b0370081cc704&output=html&source=placeapi_v2,21.0,07:30-24:00,3.8,,,,,,,54,10,,,,,,,113.28995588897,23.106040231561,0
8e98888db85bf273f723105c,老北京香酥芝麻面包饼,美食,蛋糕甜品店,广东省,广州市,海珠区,广东省广州市海珠区16巷18号,,1,0,113.300521,23.104054,18807520677,cater,http://api.map.baidu.com/place/detail?uid=8e98888db85bf273f723105c&output=html&source=placeapi_v2,,06:00-19:00,3.4,,,,,,,,,,,,,,,113.30065333228,23.103970648965,0
b8b5f437a296494830169bee,Fri Cake莜乐菲私人定制生日蛋糕,美食,蛋糕甜品店,广东省,广州市,海珠区,广东省广州市海珠区东沙街28-38号丽海雅居108铺,,1,0,113.28844,23.115201,18928797937,cater,http://api.map.baidu.com/place/detail?uid=b8b5f437a296494830169bee&output=html&source=placeapi_v2,157.0,09:00-22:30,4.5,,,,,,,,,,,,,,,113.28881657079,23.115062427718,0
eb42673611f722e97dc87626,千麦贝饼坊(新港店),美食,蛋糕甜品店,广东省,广州市,海珠区,广东省广州市海珠区新港西路114号,eb42673611f722e97dc87626,1,0,113.300433,23.097813,(020)84181276,cater,http://api.map.baidu.com/place/detail?uid=eb42673611f722e97dc87626&output=html&source=placeapi_v2,19.0,07:00-23:00,3.2,,,,,,,,12,,,,,,,113.30049492958,23.097986716061,0
34059f976ef7604d70455b85,芬芳甜品(东湖西店),美食,蛋糕甜品店,广东省,广州市,越秀区,广东省广州市越秀区东湖西路50号05铺,34059f976ef7604d70455b85,1,0,113.293543,23.122453,"(020)83780784,(020)83780794",cater,http://api.map.baidu.com/place/detail?uid=34059f976ef7604d70455b85&output=html&source=placeapi_v2,21.0,07:00-22:00,3.9,,,,,,,,12,,,,,,,113.29351785357,23.122547147254,0
5d99b70f1e98f04ff50e77da,原麦出炉,美食,蛋糕甜品店,广东省,广州市,越秀区,广东省广州市越秀区东湖西路56号,5d99b70f1e98f04ff50e77da,1,0,113.294541,23.121803,18565518288,cater,http://api.map.baidu.com/place/detail?uid=5d99b70f1e98f04ff50e77da&output=html&source=placeapi_v2,,06:00-23:30,3.6,,,,,,,,,,,,,,,113.29455193257,23.121950803981,0
e2c734e41f03234414a190ed,仁信双皮奶(庙前直街店),美食,蛋糕甜品店,广东省,广州市,越秀区,广东省广州市越秀区庙前直街13号,e2c734e41f03234414a190ed,1,0,113.302245,23.127551,,cater,http://api.map.baidu.com/place/detail?uid=e2c734e41f03234414a190ed&output=html&source=placeapi_v2,22.0,10:00-21:00,3.7,,,,,,,,14,,,,,,,113.30227551303,23.127625947659,0
aa978d351a830d7c3fe23191,美心西饼(中大地铁站店),美食,蛋糕甜品店,广东省,广州市,海珠区,广东省广州市海珠区新港西路82号自编B-1区GL103展厅,aa978d351a830d7c3fe23191,1,0,113.297337,23.098581,(020)34473563,cater,http://api.map.baidu.com/place/detail?uid=aa978d351a830d7c3fe23191&output=html&source=placeapi_v2,32.0,07:30-22:00,3.8,,,,,,,,1,,,,,,,113.2973927384,23.098834192785,0
8fa14fc390373877f6eafc8f,大卡司(新港西路店),美食,蛋糕甜品店,广东省,广州市,海珠区,广东省广州市海珠区新港西路114号,8fa14fc390373877f6eafc8f,1,0,113.30062,23.097722,(020)84188920,cater,http://api.map.baidu.com/place/detail?uid=8fa14fc390373877f6eafc8f&output=html&source=placeapi_v2,11.0,08:00-24:00,4.7,,,,,,,,10,,,,,,,113.30066762432,23.09793842006,0
83b8c6156b87b7762b11d190,利口福(千禧店),美食,蛋糕甜品店,广东省,广州市,海珠区,广东省广州市海珠区怡乐路千禧花园72-2号,83b8c6156b87b7762b11d190,1,0,113.294594,23.102104,(020)34112490,cater,http://api.map.baidu.com/place/detail?uid=83b8c6156b87b7762b11d190&output=html&source=placeapi_v2,25.0,07:00-21:45,3.6,,,,,,,12,0,,,,,,,113.2947877198,23.10204270372,0
c16534057f8a8760aa175a9e,皇后饼店(东山店),美食,蛋糕甜品店,广东省,广州市,越秀区,广东省广州市越秀区署前路33号1号楼3-5号铺,c16534057f8a8760aa175a9e,1,0,113.301555,23.129501,(020)87602598,cater,http://api.map.baidu.com/place/detail?uid=c16534057f8a8760aa175a9e&output=html&source=placeapi_v2,17.0,07:00-22:00,4.1,,,,,,,,116,,,,,,,113.30163547665,23.129508531943,0
b1c556e851887d15b5265585,芬芳甜品(利群店),美食,蛋糕甜品店,广东省,广州市,越秀区,广东省广州市越秀区东华东路696号,b1c556e851887d15b5265585,1,0,113.300426,23.125745,"(020)87602225,(020)87673815",cater,http://api.map.baidu.com/place/detail?uid=b1c556e851887d15b5265585&output=html&source=placeapi_v2,22.0,06:00-22:00,4.1,,,,,,,,26,,,,,,,113.30054477655,23.125833826172,0
a68813a2280a16876fa3cc54,阳光麦语(万寿路店),美食,蛋糕甜品店,广东省,广州市,海珠区,广东省广州市海珠区万寿路54号,a68813a2280a16876fa3cc54,1,0,113.288659,23.108467,(020)34281654,cater,http://api.map.baidu.com/place/detail?uid=a68813a2280a16876fa3cc54&output=html&source=placeapi_v2,13.0,06:00-24:00,4.3,,,,,,,,23,,,,,,,113.28801172857,23.108689283279,0
99be7c6c837ff1b8e5073838,利口福(万寿路店),美食,蛋糕甜品店,广东省,广州市,海珠区,广东省广州市海珠区万寿路43号,99be7c6c837ff1b8e5073838,1,0,113.287208,23.108918,(020)89323507,cater,http://api.map.baidu.com/place/detail?uid=99be7c6c837ff1b8e5073838&output=html&source=placeapi_v2,20.0,07:00-22:00,3.7,,,,,,,,1,,,,,,,113.28718890049,23.108838878936,0
d980856598955b45e812e49e,小西家作(庙前直街店),美食,蛋糕甜品店,广东省,广州市,越秀区,广东省广州市越秀区庙前直街10号10号之-105铺,d980856598955b45e812e49e,1,0,113.302906,23.127635,(020)87607015,cater,http://api.map.baidu.com/place/detail?uid=d980856598955b45e812e49e&output=html&source=placeapi_v2,56.0,10:00-22:00,3.8,,,,,,,,,,,,,,,113.30306625005,23.127533815813,0
5576d411b49437c3223bf2a2,利口福(大沙头店),美食,蛋糕甜品店,广东省,广州市,越秀区,广东省广州市越秀区大沙头二马路55号,5576d411b49437c3223bf2a2,1,0,113.292531,23.124325,(020)83780741,cater,http://api.map.baidu.com/place/detail?uid=5576d411b49437c3223bf2a2&output=html&source=placeapi_v2,16.0,07:00-22:00,3.5,,,,,,,11,0,,,,,,,113.29255137669,23.124254269053,0
7533599755b45a634251c013,老香港纯手工蛋糕(东山口店),美食,蛋糕甜品店,广东省,广州市,越秀区,广东省广州市越秀区农林下路9号新富熊大厦111铺,7533599755b45a634251c013,1,0,113.301124,23.127775,18933973919,cater,http://api.map.baidu.com/place/detail?uid=7533599755b45a634251c013&output=html&source=placeapi_v2,,07:00-23:00,3.6,,,,,,,,0,,,,,,,113.30128170687,23.127685097251,0
0aceb3bd3b0e6185d3ff2336,美域高·法式创意生日蛋糕(越秀店),美食,蛋糕甜品店,广东省,广州市,越秀区,中山一路104、106号905房,0aceb3bd3b0e6185d3ff2336,1,0,113.302631,23.130741,,cater,http://api.map.baidu.com/place/detail?uid=0aceb3bd3b0e6185d3ff2336&output=html&source=placeapi_v2,193.0,08:00-22:00,4.5,,,,,,,,40,,,,,,,,,0
1ee807bc56851f33bb17e7bf,超绵密(下渡路分店),美食,蛋糕甜品店,广东省,广州市,海珠区,广东省广州市海珠区下渡路148号之三,1ee807bc56851f33bb17e7bf,1,0,113.314503,23.106432,(020)84486966,cater,http://api.map.baidu.com/place/detail?uid=1ee807bc56851f33bb17e7bf&output=html&source=placeapi_v2,,10:00-22:00,,,,,,,,,,,,,,,,,,0
75d0881a91fa36543b04b19f,长乐饼屋(龟岗店),美食,蛋糕甜品店,广东省,广州市,越秀区,广东省广州市越秀区龟岗大马路1号,75d0881a91fa36543b04b19f,1,0,113.300964,23.126664,(020)37625081,cater,http://api.map.baidu.com/place/detail?uid=75d0881a91fa36543b04b19f&output=html&source=placeapi_v2,9.0,05:30-23:00,3.7,,,,,,,,11,,,,,,,113.30100691791,23.126652471535,0
0ed20a1544fc978e56bfffe8,佰利面包,美食,蛋糕甜品店,广东省,广州市,越秀区,广东省广州市越秀区东川路4-1号之1号,0ed20a1544fc978e56bfffe8,1,0,113.292534,23.127124,13711650633,cater,http://api.map.baidu.com/place/detail?uid=0ed20a1544fc978e56bfffe8&output=html&source=placeapi_v2,5.0,08:00-22:00,4.1,,,,,,,,9,,,,,,,113.29248366767,23.127129868921,0
a34059640e7f4ae6a7c756cb,利口福(上渡路店),美食,蛋糕甜品店,广东省,广州市,海珠区,海珠区上渡路209号102铺自编105商铺,a34059640e7f4ae6a7c756cb,1,0,113.314887,23.104628,(020)81889890,cater,http://api.map.baidu.com/place/detail?uid=a34059640e7f4ae6a7c756cb&output=html&source=placeapi_v2,27.0,07:00-22:00,3.5,,,,,,,,,,,,,,,113.3146877506,23.104626401517,0
34e485088ca4defbd9d891b7,利口福(东川店),美食,蛋糕甜品店,广东省,广州市,越秀区,广东省广州市越秀区东川路4号,34e485088ca4defbd9d891b7,1,0,113.292538,23.127164,(020)83769536,cater,http://api.map.baidu.com/place/detail?uid=34e485088ca4defbd9d891b7&output=html&source=placeapi_v2,25.0,07:00-21:30,4.0,,,,,,,,200,,,,,,,113.29248752769,23.127157995699,0
e4805227e45efafd6f47606b,利口福(明月二路店),美食,蛋糕甜品店,广东省,广州市,越秀区,广东广州市越秀区明月二路6-12号,e4805227e45efafd6f47606b,1,0,113.317371,23.121736,(020)87541452,cater,http://api.map.baidu.com/place/detail?uid=e4805227e45efafd6f47606b&output=html&source=placeapi_v2,32.0,07:00-21:00,3.7,,,,,,,,0,,,,,,,113.31740713068,23.121737537699,0
d23a545a4c485f7c581093ef,利口福(中海名都店),美食,蛋糕甜品店,广东省,广州市,海珠区,广东省广州市海珠区中海名都四街19号1层,d23a545a4c485f7c581093ef,1,0,113.282665,23.114114,(020)89033046,cater,http://api.map.baidu.com/place/detail?uid=d23a545a4c485f7c581093ef&output=html&source=placeapi_v2,46.0,07:00-21:45,3.6,,,,,,,,1,,,,,,,113.28262517523,23.114048128477,0
91f631dce2a13b992202623a,今香食品,美食,蛋糕甜品店,广东省,广州市,越秀区,广东省广州市越秀区龟岗大马路2号东山肉菜市场105号,91f631dce2a13b992202623a,1,0,113.301143,23.126713,13450228968,cater,http://api.map.baidu.com/place/detail?uid=91f631dce2a13b992202623a&output=html&source=placeapi_v2,6.0,,3.8,,,,,,,,3,,,,,,,113.30105558091,23.126777983244,0
9c896cf075e3dda44e55470f,欧凡麦甜(东华西店),美食,蛋糕甜品店,广东省,广州市,越秀区,广东省广州市越秀区东华西路28号自编1号,9c896cf075e3dda44e55470f,1,0,113.291257,23.128052,13580363612,cater,http://api.map.baidu.com/place/detail?uid=9c896cf075e3dda44e55470f&output=html&source=placeapi_v2,18.0,07:00-21:00,3.6,,,,,,,,14,,,,,,,113.29123201189,23.128131670596,0
5881c3ebd6c7d724b64f544e,麦乡源西饼,美食,蛋糕甜品店,广东省,广州市,越秀区,广东省广州市越秀区东川一街10号7铺,5881c3ebd6c7d724b64f544e,1,0,113.293994,23.129331,13557343326,cater,http://api.map.baidu.com/place/detail?uid=5881c3ebd6c7d724b64f544e&output=html&source=placeapi_v2,,09:00-22:00,3.6,,,,,,,,,,,,,,,,,0
45f09d82e3da7f9deddfca6f,芝彩棠(明月一街店),美食,蛋糕甜品店,广东省,广州市,越秀区,广东省广州市越秀区明月二路97号,45f09d82e3da7f9deddfca6f,1,0,113.317251,23.121554,13533592282,cater,http://api.map.baidu.com/place/detail?uid=45f09d82e3da7f9deddfca6f&output=html&source=placeapi_v2,,,0,,,,,,,,1,,,,,,,113.31725160615,23.121648640481,0
ec3836c40b2f1bc0deee8b21,安尼塔(五羊店),美食,蛋糕甜品店,广东省,广州市,越秀区,广东省广州市越秀区寺右南一街五巷1号,ec3836c40b2f1bc0deee8b21,1,0,113.317417,23.122894,15918826100,cater,http://api.map.baidu.com/place/detail?uid=ec3836c40b2f1bc0deee8b21&output=html&source=placeapi_v2,26.0,08:00-24:00,0,,,,,,,,0,,,,,,,113.31750328171,23.123046198894,0
37966b4349afb533441a3290,北面王手工包点,美食,蛋糕甜品店,广东省,广州市,海珠区,广东广州市海珠区仲恺路71号,37966b4349afb533441a3290,1,0,113.283155,23.112001,13822100198,cater,http://api.map.baidu.com/place/detail?uid=37966b4349afb533441a3290&output=html&source=placeapi_v2,,,,,,,,,,,,,,,,,,113.28317573949,23.11208657794,0
aa5016a442eb61e60bf5eb2a,美心西饼(优托邦时光店),美食,蛋糕甜品店,广东省,广州市,天河区,广东省广州市天河区花城大道86号首层109A铺位,aa5016a442eb61e60bf5eb2a,1,0,113.33807,23.123911,(020)62308152,cater,http://api.map.baidu.com/place/detail?uid=aa5016a442eb61e60bf5eb2a&output=html&source=placeapi_v2,34.0,07:30-21:00,3.7,,,,,,,,1,,,,,,,113.33731776598,23.123758213242,0
8e40a3254e3fcd77eedfca2a,贝家烘焙(兴盛路店),美食,蛋糕甜品店,广东省,广州市,天河区,广东省广州市天河区猎德大道31号中海璟晖104铺,8e40a3254e3fcd77eedfca2a,1,0,113.339445,23.126539,"(020)38062296,(020)85165163",cater,http://api.map.baidu.com/place/detail?uid=8e40a3254e3fcd77eedfca2a&output=html&source=placeapi_v2,52.0,08:30-22:00,3.8,,,,,,,,0,,,,,,,113.33938145221,23.126309238624,0
6242a9db62fe3e220869d97f,阳光麦语(赤岗店),美食,蛋糕甜品店,广东省,广州市,海珠区,广东省广州市海珠区新港中路464号1层,6242a9db62fe3e220869d97f,1,0,113.339569,23.101054,(020)84179179,cater,http://api.map.baidu.com/place/detail?uid=6242a9db62fe3e220869d97f&output=html&source=placeapi_v2,22.0,06:00-24:00,3.7,,,,,,,,123,,,,,,,113.33959969644,23.101011269705,0
6a5de655b0ff364ec9c3db76,sunny粉红姑娘·蛋糕店(珠江新城店),美食,蛋糕甜品店,广东省,广州市,天河区,广州市天河区海明路22号113房,6a5de655b0ff364ec9c3db76,1,0,113.347626,23.120802,13925066131,cater,http://api.map.baidu.com/place/detail?uid=6a5de655b0ff364ec9c3db76&output=html&source=placeapi_v2,,09:00-22:00,3.5,,,,,,,,1,,,,,,,113.34740650221,23.120777352965,0
55d3e9592d557a6952e5c51c,米氏力奇荷士必图面包店,美食,蛋糕甜品店,广东省,广州市,海珠区,广州市海珠区广州大道中和睦家医院内,55d3e9592d557a6952e5c51c,1,0,113.345095,23.108024,13533969521,cater,http://api.map.baidu.com/place/detail?uid=55d3e9592d557a6952e5c51c&output=html&source=placeapi_v2,27.0,08:00-18:00,0,,,,,,,,0,,,,,,,113.34507320935,23.107873709218,0
06f0d6be94e05422ac0457f0,紫襟蛋糕烘焙生活馆(猎德店),美食,蛋糕甜品店,广东省,广州市,天河区,广东省广州市天河区临江大道复建房1区13楼1301室,06f0d6be94e05422ac0457f0,1,0,113.341228,23.119024,,cater,http://api.map.baidu.com/place/detail?uid=06f0d6be94e05422ac0457f0&output=html&source=placeapi_v2,,,0,,,,,,,,0,,,,,,,113.34110446147,23.118799384976,0
f9903fda3d3349f88e7727e3,小西家作(广粤天地店),美食,蛋糕甜品店,广东省,广州市,天河区,广东省广州市天河区清风街39号广粤天地北区108铺,,1,0,113.346575,23.121176,(020)38200818,cater,http://api.map.baidu.com/place/detail?uid=f9903fda3d3349f88e7727e3&output=html&source=placeapi_v2,68.0,10:00-22:00,4.0,,,,,,,,,,,,,,,113.34712099377,23.120989027681,0
ffcb808c2255581002294fbb,JoyfulCake喜悦蛋糕(客村店),美食,蛋糕甜品店,广东省,广州市,海珠区,广东省广州市海珠区丽岗街9号,,1,0,113.33249,23.103226,18929566153,cater,http://api.map.baidu.com/place/detail?uid=ffcb808c2255581002294fbb&output=html&source=placeapi_v2,238.0,10:00-19:00,4.5,,,,,,,,90,,,,,,,,,0
bb3ee5f47b26623151e5c562,利口福(赤岗北路店),美食,蛋糕甜品店,广东省,广州市,海珠区,广东省广州市海珠区赤岗北路74号,bb3ee5f47b26623151e5c562,1,0,113.334202,23.104472,(020)89441956,cater,http://api.map.baidu.com/place/detail?uid=bb3ee5f47b26623151e5c562&output=html&source=placeapi_v2,19.0,07:00-22:00,3.6,,,,,,,,2,,,,,,,113.3339840698,23.104466907027,0
5b21745d5b6db021eaf85394,Brioche Doree(珠江新城凯华店),美食,蛋糕甜品店,广东省,广州市,天河区,广东省广州市天河区冼村路5号凯华国际中心106铺,5b21745d5b6db021eaf85394,1,0,113.333853,23.123135,(020)88529943,cater,http://api.map.baidu.com/place/detail?uid=5b21745d5b6db021eaf85394&output=html&source=placeapi_v2,36.0,08:00-21:00,4.1,,,,,,,,174,,,,,,,113.33384961143,23.123380436633,0
d2be250e2551ddf5d4851f1f,美心西饼(丽影广场店),美食,蛋糕甜品店,广东省,广州市,海珠区,广东省广州市海珠区新港中路352号丽影广场B区1层,d2be250e2551ddf5d4851f1f,1,0,113.328295,23.101833,(020)84121793,cater,http://api.map.baidu.com/place/detail?uid=d2be250e2551ddf5d4851f1f&output=html&source=placeapi_v2,73.0,07:30-22:00,4.0,,,,,,,,102,,,,,,,113.32827723101,23.101778233058,0
200e827add669a522afc485b,温馨时光DIY蛋糕店(客村店),美食,蛋糕甜品店,广东省,广州市,海珠区,广州市海珠区艺苑南路与新港中路交叉路口东南侧(鸿运花园),200e827add669a522afc485b,1,0,113.330147,23.101301,18664895455,cater,http://api.map.baidu.com/place/detail?uid=200e827add669a522afc485b&output=html&source=placeapi_v2,63.0,00:00-24:00,4.6,,,,,,,,61,,,,,,,113.33014976412,23.101173277748,0
e66d995b50d5adfccf06a4cf,龟正盅(泓景花园店),美食,蛋糕甜品店,广东省,广州市,海珠区,广东省广州市海珠区艺泓路24号首层全部,e66d995b50d5adfccf06a4cf,1,0,113.33504,23.104109,(020)62391232,life,http://api.map.baidu.com/place/detail?uid=e66d995b50d5adfccf06a4cf&output=html&source=placeapi_v2,,10:00-22:00,,,,,,,,22,8,,,,,,,113.33508934939,23.104244512666,0
9602347c879e0bc6260bd0ff,布歌东京(igc天汇广场店),美食,蛋糕甜品店,广东省,广州市,天河区,广东省广州市天河区兴民路2号地下1层B101房(部位:B126B商铺),,1,0,113.338336,23.121729,"(020)87561424,17306693293",cater,http://api.map.baidu.com/place/detail?uid=9602347c879e0bc6260bd0ff&output=html&source=placeapi_v2,,10:00-22:00,3.9,,,,,,,,0,,,,,,,113.33776830482,23.122108280544,0
cd48dca7efbe258b3586f499,PAPER STONE BAKERY(IGC天汇广场店),美食,蛋糕甜品店,广东省,广州市,天河区,广东省广州市天河区兴民路222号天汇广场负1层b106铺,cd48dca7efbe258b3586f499,1,0,113.338845,23.121692,(020)37277946,cater,http://api.map.baidu.com/place/detail?uid=cd48dca7efbe258b3586f499&output=html&source=placeapi_v2,34.0,08:30-21:00,4.2,,,,,,,,6,,,,,,,,,0
de4b59767f5e1c358e772714,广州塔-面包屋(广州塔店),美食,蛋糕甜品店,广东省,广州市,海珠区,广东省广州市海珠区阅江西路222号b1层,,1,0,113.331065,23.112124,"13560412542,13798235725",cater,http://api.map.baidu.com/place/detail?uid=de4b59767f5e1c358e772714&output=html&source=placeapi_v2,10.0,09:00-21:00,3.6,,,,,,,,0,,,,,,,,,0
b9af128579b4b626bea240cf,日式蛋糕店,美食,蛋糕甜品店,广东省,广州市,天河区,广东省广州市天河区兴盛路17号,b9af128579b4b626bea240cf,1,0,113.33838,23.126613,13570245361,cater,http://api.map.baidu.com/place/detail?uid=b9af128579b4b626bea240cf&output=html&source=placeapi_v2,,10:30-22:00,,,,,,,,,,,,,,,,,,0
2ef56cb1642ae5dfafb22a6a,吐司先生(平逸街店),美食,蛋糕甜品店,广东省,广州市,天河区,广东省广州市天河区平月路202号,2ef56cb1642ae5dfafb22a6a,1,0,113.352489,23.122387,13640267217,cater,http://api.map.baidu.com/place/detail?uid=2ef56cb1642ae5dfafb22a6a&output=html&source=placeapi_v2,26.0,09:30-22:30,3.6,,,,,,,,,,,,,,,113.35257965051,23.122376942914,0
141d3290670e34a21ef74d9e,GODIVA(新鸿基IGC店),美食,蛋糕甜品店,广东省,广州市,天河区,广东省广州市天河区珠江新城兴民路2号天汇广场IGC地下负一层B1-121号商铺,141d3290670e34a21ef74d9e,1,0,113.338825,23.122053,(020)37277917,cater,http://api.map.baidu.com/place/detail?uid=141d3290670e34a21ef74d9e&output=html&source=placeapi_v2,53.0,10:00-22:00,4.8,,,,,,,14,0,,,,,,,,,0
d81b8f8308db86a00c0a70f1,泸上酥铺糕点,美食,蛋糕甜品店,广东省,广州市,海珠区,广东省广州市海珠区赤岗路42号,d81b8f8308db86a00c0a70f1,1,0,113.333847,23.098799,18270102552,cater,http://api.map.baidu.com/place/detail?uid=d81b8f8308db86a00c0a70f1&output=html&source=placeapi_v2,27.0,07:30-22:00,3.8,,,,,,,,1,,,,,,,113.33389472972,23.098799437513,0
bf971d727e22f7cce812e494,雪贝尔(江海店),美食,蛋糕甜品店,广东省,广州市,海珠区,广东省广州市海珠区信步中街15号,bf971d727e22f7cce812e494,1,0,113.341088,23.094763,(020)84178264,cater,http://api.map.baidu.com/place/detail?uid=bf971d727e22f7cce812e494&output=html&source=placeapi_v2,18.0,07:00-23:00,3.5,,,,,,,,7,,,,,,,113.34106494973,23.094822217887,0
152e39afb4f6e309c16c145a,黛维娅专柜面包新语(高德置地广场·夏店),美食,蛋糕甜品店,广东省,广州市,天河区,广东广州市天河区珠江新城高德置地春广场b2层243c,152e39afb4f6e309c16c145a,1,0,113.333493,23.126064,(020)38838308,cater,http://api.map.baidu.com/place/detail?uid=152e39afb4f6e309c16c145a&output=html&source=placeapi_v2,,07:30-22:00,0,,,,,,,,1,,,,,,,,,0
4e0191218856226143afe64f,KOI(花城汇店),美食,蛋糕甜品店,广东省,广州市,天河区,花城大道89号花城汇中区花城汇美食广场负一层B028号商铺,4e0191218856226143afe64f,1,0,113.33119,23.125385,(020)89814202,cater,http://api.map.baidu.com/place/detail?uid=4e0191218856226143afe64f&output=html&source=placeapi_v2,21.0,10:00-22:00,0,,,,,,,,0,,,,,,,113.33119059747,23.125412896033,0
347605ba717a64b5b13c8169,格兰西点烘焙制作所(客村店),美食,蛋糕甜品店,广东省,广州市,海珠区,广东省广州市海珠区广州大道南米兰苑13号铺,347605ba717a64b5b13c8169,1,0,113.323092,23.109371,(020)87361553,cater,http://api.map.baidu.com/place/detail?uid=347605ba717a64b5b13c8169&output=html&source=placeapi_v2,140.0,07:30-19:00,3.7,,,,,,,,0,,,,,,,113.32299837821,23.10927924193,0
9d201706419b71e9eaf85305,味蕾蛋糕(猎德店),美食,蛋糕甜品店,广东省,广州市,天河区,广东省广州市天河区花城大道中86号1座2层,9d201706419b71e9eaf85305,1,0,113.336383,23.124112,13535100639,cater,http://api.map.baidu.com/place/detail?uid=9d201706419b71e9eaf85305&output=html&source=placeapi_v2,,09:00-22:00,1,,,,,,,,1,,,,,,,113.33723754191,23.123502394364,0
f7ce017432d571c738221cb8,面包新语(客村丽影店),美食,蛋糕甜品店,广东省,广州市,海珠区,广东省广州市海珠区新港中路352号丽影广场c区1楼,f7ce017432d571c738221cb8,1,0,113.326963,23.101587,(020)34261644,cater,http://api.map.baidu.com/place/detail?uid=f7ce017432d571c738221cb8&output=html&source=placeapi_v2,22.0,07:30-22:00,4.1,,,,,,,,8,,,,,,,113.32714670205,23.101649117807,0
9aa09ed46cdbfee2b6f42fc6,1点点(优托邦时光店),美食,蛋糕甜品店,广东省,广州市,天河区,广东省广州市天河区花城大道84号猎德高德汇优托邦F4优托邦时光F1,9aa09ed46cdbfee2b6f42fc6,1,0,113.338423,23.12364,(020)38894491,cater,http://api.map.baidu.com/place/detail?uid=9aa09ed46cdbfee2b6f42fc6&output=html&source=placeapi_v2,15.0,10:00-22:00,3.7,,,,,,,,8,,,,,,,113.33731753152,23.123743699979,0
5fda0b0c5fa56bb74afd3f00,Gee Coffee Roasters(高德置地店),美食,蛋糕甜品店,广东省,广州市,天河区,广州市天河区花城大道高德置地广场冬广场负1层Blt超市入口,,1,0,113.333313,23.125666,15812317140,cater,http://api.map.baidu.com/place/detail?uid=5fda0b0c5fa56bb74afd3f00&output=html&source=placeapi_v2,30.0,10:00-22:00,4.1,,,,,,,,0,,,,,,,,,0
9c4a3b4b59ca2efab1077da9,哈根达斯(IGC天汇广场店),美食,蛋糕甜品店,广东省,广州市,天河区,广东省广州市天河区兴民路222号天汇广场负1层b119,9c4a3b4b59ca2efab1077da9,1,0,113.339072,23.122217,(020)37392676,cater,http://api.map.baidu.com/place/detail?uid=9c4a3b4b59ca2efab1077da9&output=html&source=placeapi_v2,75.0,10:00-22:00,4.7,,,,,,,,177,,,,,,,113.33933017693,23.121263108615,0
4c27907e14a1b91e3310af04,贝家烘焙(中海观园店),美食,蛋糕甜品店,广东省,广州市,天河区,广东省广州市天河区金穗路719号珠江新城719号之-115铺,4c27907e14a1b91e3310af04,1,0,113.346493,23.12874,(020)38062296,cater,http://api.map.baidu.com/place/detail?uid=4c27907e14a1b91e3310af04&output=html&source=placeapi_v2,195.0,09:00-20:30,4.0,,,,,,,,200,,,,,,,113.34633719884,23.128719660988,0
de8cd796d48a064902897272,瑞幸咖啡(优托邦时光店),美食,蛋糕甜品店,广东省,广州市,天河区,广东省广州市天河区花城大道84号猎德高德汇优托邦F4优托邦时光F1,de8cd796d48a064902897272,1,0,113.336101,23.123945,4000100100,cater,http://api.map.baidu.com/place/detail?uid=de8cd796d48a064902897272&output=html&source=placeapi_v2,14.0,10:00-20:00,0,,,,,,,1,1,,,,,,,113.33731776598,23.123758213242,0
af1770975dc3ff880c0a70b1,1828王老吉(珠江新城地铁站店),美食,蛋糕甜品店,广东省,广州市,天河区,广州市天河区华夏路8号之一地铁珠江新城合景国际金融广场地下通道自编A5号,af1770975dc3ff880c0a70b1,1,0,113.328305,23.12241,(020)87599369,cater,http://api.map.baidu.com/place/detail?uid=af1770975dc3ff880c0a70b1&output=html&source=placeapi_v2,17.0,11:00-22:00,4.5,,,,,,,,66,,,,,,,113.32832069013,23.122678551373,0
bf9eefd752af19801ef74d90,橘果子(高德置地店),美食,蛋糕甜品店,广东省,广州市,天河区,广州市天河区冼村街道花城广场珠江东路30号东花城汇中区B1层C002号,bf9eefd752af19801ef74d90,1,0,113.329848,23.124659,(020)28947149,shopping,http://api.map.baidu.com/place/detail?uid=bf9eefd752af19801ef74d90&output=html&source=placeapi_v2,,10:00-22:00,,,,,,,,,0,,,,,,,113.32987805365,23.124745424115,0
a01206b902fa43ab28b97cf3,新鲜出炉面包(海印都荟城店),美食,蛋糕甜品店,广东省,广州市,天河区,广东省广州市天河区珠江西路5号广州国金天地购物中心B1海印都荟城B1,a01206b902fa43ab28b97cf3,1,0,113.330142,23.124597,,cater,http://api.map.baidu.com/place/detail?uid=a01206b902fa43ab28b97cf3&output=html&source=placeapi_v2,,10:00-21:00,3.5,,,,,,,,,,,,,,,113.33068463588,23.12277712193,0
f2c56306b1cc15619a0050b9,幸福西饼(隽峰苑店),美食,蛋糕甜品店,广东省,广州市,天河区,广东省广州市天河区兴盛路12号102房,,1,0,113.339759,23.125802,(020)87581140,cater,http://api.map.baidu.com/place/detail?uid=f2c56306b1cc15619a0050b9&output=html&source=placeapi_v2,13.0,07:00-23:00,3.9,,,,,,,,,,,,,,,113.3399848575,23.125808715884,0
060d96577ab0476c9122e083,可奈儿私房订制生日蛋糕,美食,蛋糕甜品店,广东省,广州市,海珠区,广东省广州市海珠区艺苑路11-33号南丽苑102号,,1,0,113.330029,23.103545,"15989078889,18620555152",cater,http://api.map.baidu.com/place/detail?uid=060d96577ab0476c9122e083&output=html&source=placeapi_v2,186.0,09:00-23:00,4.2,,,,,,,,3,,,,,,,113.33014713208,23.103605283191,0
de80c78767dbff679a005052,同福西饼,美食,蛋糕甜品店,广东省,广州市,海珠区,广东省广州市海珠区赤岗路18号,de80c78767dbff679a005052,1,0,113.333868,23.100269,18218342218,cater,http://api.map.baidu.com/place/detail?uid=de80c78767dbff679a005052&output=html&source=placeapi_v2,10.0,06:30-21:00,3.8,,,,,,,,0,,,,,,,,,0
f06af7de5b5271391ef74da5,麦香西饼(赤岗店),美食,蛋糕甜品店,广东省,广州市,海珠区,广东省广州市海珠区赤岗东路281号,f06af7de5b5271391ef74da5,1,0,113.33643,23.095417,"13751963670,13925156107",cater,http://api.map.baidu.com/place/detail?uid=f06af7de5b5271391ef74da5&output=html&source=placeapi_v2,10.0,06:00-24:00,3.8,,,,,,,,6,,,,,,,113.33627952873,23.095400238542,0
0cbeaef62e4a7eb15fbe8661,随缘甜品,美食,蛋糕甜品店,广东省,广州市,海珠区,广州市海珠区赤岗横一街赤岗商住楼东北侧,0cbeaef62e4a7eb15fbe8661,1,0,113.333293,23.101236,13711252305,cater,http://api.map.baidu.com/place/detail?uid=0cbeaef62e4a7eb15fbe8661&output=html&source=placeapi_v2,,,,,,,,,,,,,,,,,,113.33325559793,23.101162718252,0
8bd9875ec49282e1fbdc8560,党公甜品铺,美食,蛋糕甜品店,广东省,广州市,海珠区,广东省广州市海珠区艺苑南路6-1号,8bd9875ec49282e1fbdc8560,1,0,113.329439,23.101227,18928800187,cater,http://api.map.baidu.com/place/detail?uid=8bd9875ec49282e1fbdc8560&output=html&source=placeapi_v2,10.0,11:00-21:00,0,,,,,,,,0,,,,,,,113.32960176811,23.101237833892,0
3ada35dfcba3213496031959,甜品站,美食,蛋糕甜品店,广东省,广州市,天河区,广州市天河区马场路尚东·宏御,3ada35dfcba3213496031959,1,0,113.350273,23.122525,,cater,http://api.map.baidu.com/place/detail?uid=3ada35dfcba3213496031959&output=html&source=placeapi_v2,,,,,,,,,,,,,,,,,,,,0
9706f06f0ed57d2e82a12e8e,嘉加丰面包西饼(益鹏苑西南),美食,蛋糕甜品店,广东省,广州市,海珠区,广东省广州市海珠区赤岗路46号,9706f06f0ed57d2e82a12e8e,1,0,113.333796,23.098688,"(020)22177889,13729880073",cater,http://api.map.baidu.com/place/detail?uid=9706f06f0ed57d2e82a12e8e&output=html&source=placeapi_v2,7.0,07:00-22:00,3.5,,,,,,,,14,,,,,,,,,0
1bab8b098f82f69aeb12e4f9,1828王老吉(花城汇中区店),美食,蛋糕甜品店,广东省,广州市,天河区,广州市天河区花城汇中区负一层ME30商铺自编A05号(佰利美食广场内),1bab8b098f82f69aeb12e4f9,1,0,113.331142,23.125266,,cater,http://api.map.baidu.com/place/detail?uid=1bab8b098f82f69aeb12e4f9&output=html&source=placeapi_v2,19.0,09:00-18:00,0,,,,,,,,0,,,,,,,,,0
1e8751aad2e617b532f71db5,DQ(丽影广场店),美食,蛋糕甜品店,广东省,广州市,海珠区,广东省广州市海珠区新港中路356号丽影广场B区一层B1-035A,1e8751aad2e617b532f71db5,1,0,113.327796,23.101613,"(020)34397102,4001088870",cater,http://api.map.baidu.com/place/detail?uid=1e8751aad2e617b532f71db5&output=html&source=placeapi_v2,24.0,10:00-22:00,4.5,,,,,,,,2,,,,,,,113.32779640311,23.101942897724,0
25b20bdc98d09f34da2f2864,大卡司(高德置地广场·春店),美食,蛋糕甜品店,广东省,广州市,天河区,广州市天河区花城大道85号高德置地广场·春B1,25b20bdc98d09f34da2f2864,1,0,113.328868,23.125542,13602421244,cater,http://api.map.baidu.com/place/detail?uid=25b20bdc98d09f34da2f2864&output=html&source=placeapi_v2,13.0,10:00-21:30,3.9,,,,,,,,0,,,,,,,113.32864276769,23.126563933892,0
5436d5f1bf09425aede4a50c,瑞幸咖啡(高德置地广场·春店),美食,蛋糕甜品店,广东省,广州市,天河区,广州市天河区花城大道85号高德置地广场·春F3,,1,0,113.329043,23.125634,4000100100,cater,http://api.map.baidu.com/place/detail?uid=5436d5f1bf09425aede4a50c&output=html&source=placeapi_v2,20.0,10:00-20:00,4.0,,,,,,,,,,,,,,,113.32864276769,23.126563933892,0
f26f157b5031c7c64c3a595b,化州森记糖水,美食,蛋糕甜品店,广东省,广州市,海珠区,广东省广州市海珠区石榴岗路七星岗1-8号,f26f157b5031c7c64c3a595b,1,0,113.35032,23.09706,,cater,http://api.map.baidu.com/place/detail?uid=f26f157b5031c7c64c3a595b&output=html&source=placeapi_v2,,,,,,,,,,,,,,,,,,,,0
d5bb76fc981860a8ca1b95eb,甜点冷饮店(广州K11购物艺术中心店),美食,蛋糕甜品店,广东省,广州市,天河区,广州市天河区猎德街道珠江东路6号广州K11购物艺术中心F5,d5bb76fc981860a8ca1b95eb,1,0,113.332614,23.12395,,cater,http://api.map.baidu.com/place/detail?uid=d5bb76fc981860a8ca1b95eb&output=html&source=placeapi_v2,,,,,,,,,,,,,,,,,,113.33298090239,23.123089567412,0
5f75b2b15b856f27fea77848,珍珠酒廊,美食,蛋糕甜品店,广东省,广州市,天河区,广东广州市天河区兴安路3号广州富力丽思卡尔顿酒店1楼,5f75b2b15b856f27fea77848,1,0,113.333817,23.122128,(020)38136681,cater,http://api.map.baidu.com/place/detail?uid=5f75b2b15b856f27fea77848&output=html&source=placeapi_v2,230.0,09:00-23:30,0,,,,,,,,0,,,,,,,113.33372247155,23.121801058085,0
bdcb7078ca1b10a5744ff107,THRAPPY爵乐烘培咖啡,美食,蛋糕甜品店,广东省,广州市,海珠区,广州市海珠区琶洲保利宸悦路3号103铺,bdcb7078ca1b10a5744ff107,1,0,113.385346,23.106876,(020)89052280,cater,http://api.map.baidu.com/place/detail?uid=bdcb7078ca1b10a5744ff107&output=html&source=placeapi_v2,30.0,07:00-22:00,4.1,,,,,,,,0,,,,,,,,,0
2a4a448e544f8ec8b6147ff7,黑蝴蝶蛋糕(骏景店),美食,蛋糕甜品店,广东省,广州市,天河区,骏景路8-26号005铺B,2a4a448e544f8ec8b6147ff7,1,0,113.388891,23.128715,,cater,http://api.map.baidu.com/place/detail?uid=2a4a448e544f8ec8b6147ff7&output=html&source=placeapi_v2,,,4,,,,,,,1,1,,,,,,,,,0
09d9a82001475df9c72ba17b,面包新语(保利广场店),美食,蛋糕甜品店,广东省,广州市,海珠区,广州市海珠区新港东路10号保利广场B1,09d9a82001475df9c72ba17b,1,0,113.390466,23.105514,(020)31950214,cater,http://api.map.baidu.com/place/detail?uid=09d9a82001475df9c72ba17b&output=html&source=placeapi_v2,25.0,10:00-22:00,4.0,,,,,,,,1,,,,,,,113.3904650898,23.105750861948,0
07436535515108c48b2fb53f,欧风麦甜(车陂南店),美食,蛋糕甜品店,广东省,广州市,天河区,广东省广州市天河区车陂路14-36号,07436535515108c48b2fb53f,1,0,113.397609,23.123444,13602758213,cater,http://api.map.baidu.com/place/detail?uid=07436535515108c48b2fb53f&output=html&source=placeapi_v2,,06:00-24:00,5,,,,,,,,5,,,,,,,,,0
8865f6d077052eed6140a945,濃心爷爷(琶洲蟠龙新街店),美食,蛋糕甜品店,广东省,广州市,海珠区,广东省广州市海珠区蟠龙新街17号108铺,,1,0,113.390021,23.105995,18680572282,cater,http://api.map.baidu.com/place/detail?uid=8865f6d077052eed6140a945&output=html&source=placeapi_v2,12.0,07:30-21:30,3.7,,,,,,,1,0,,,,,,,113.39008181428,23.105857421345,0
561eb5df378c1708b05c6ac0,悦馨蛋糕,美食,蛋糕甜品店,广东省,广州市,天河区,广东省广州市天河区程界西南社大街48-10号,561eb5df378c1708b05c6ac0,1,0,113.371277,23.116303,,cater,http://api.map.baidu.com/place/detail?uid=561eb5df378c1708b05c6ac0&output=html&source=placeapi_v2,,,,,,,,,,,,,,,,,,113.37128276288,23.116400020939,0
4f8d5092f2f6f5eb72210bae,瑞幸咖啡(万胜广场店),美食,蛋糕甜品店,广东省,广州市,海珠区,广州市海珠区新港东路1220-1238号万胜广场B1,,1,0,113.389921,23.102849,4000100100,cater,http://api.map.baidu.com/place/detail?uid=4f8d5092f2f6f5eb72210bae&output=html&source=placeapi_v2,16.0,07:00-21:30,3.5,,,,,,,,,,,,,,,113.38823818146,23.103019348418,0
5e53af1aaf2ac3464051c0bb,球记饼家(员村店),美食,蛋糕甜品店,广东省,广州市,天河区,广州市天河区员村二横路11号都市广场商业走廊G号,5e53af1aaf2ac3464051c0bb,1,0,113.369624,23.124656,(020)38391747,cater,http://api.map.baidu.com/place/detail?uid=5e53af1aaf2ac3464051c0bb&output=html&source=placeapi_v2,13.0,06:00-22:45,3.5,,,,,,,,9,,,,,,,113.36971565275,23.12463217202,0
54d837e37f0dd8cd43d63e8b,米粒兔蛋糕店(员村店),美食,蛋糕甜品店,广东省,广州市,天河区,广东省广州市天河区西上社大街8号,54d837e37f0dd8cd43d63e8b,1,0,113.370923,23.120319,"18027289204,18211517454",cater,http://api.map.baidu.com/place/detail?uid=54d837e37f0dd8cd43d63e8b&output=html&source=placeapi_v2,13.0,00:00-24:00,3.7,,,,,,,,28,,,,,,,113.37042900614,23.120364352097,0
8987b5b75fd9ecd6e5073897,沪上酥铺,美食,蛋糕甜品店,广东省,广州市,天河区,广东省广州市天河区员村新街6号,8987b5b75fd9ecd6e5073897,1,0,113.372846,23.126095,18529492720,cater,http://api.map.baidu.com/place/detail?uid=8987b5b75fd9ecd6e5073897&output=html&source=placeapi_v2,24.0,08:00-22:00,3.8,,,,,,,1,2,,,,,,,113.37283222221,23.125941328365,0
8d8e9817ff7e3454364aae3b,艺鑫蛋糕(棠下店),美食,蛋糕甜品店,广东省,广州市,天河区,广东省广州市天河区棠下儒林大街37号之一房(沃尔玛旁),8d8e9817ff7e3454364aae3b,1,0,113.386394,23.130014,14749353704,cater,http://api.map.baidu.com/place/detail?uid=8d8e9817ff7e3454364aae3b&output=html&source=placeapi_v2,24.0,08:00-00:30,3.5,,,,,,,,0,,,,,,,,,0
8bf67c1af99a605eb5f42f53,佳麦饼店(员村二店),美食,蛋糕甜品店,广东省,广州市,天河区,广州市天河区程界西南社大街自编42-17号,8bf67c1af99a605eb5f42f53,1,0,113.370321,23.117642,"(020)31603424,13544380864",cater,http://api.map.baidu.com/place/detail?uid=8bf67c1af99a605eb5f42f53&output=html&source=placeapi_v2,123.0,10:00-22:00,3.4,,,,,,,1,0,,,,,,,113.37035128654,23.117584057974,0
171cda29b3ec23bef1193740,拾光森林AIDO CAKE蛋糕·生日会(员村店),美食,蛋糕甜品店,广东省,广州市,天河区,广东省广州市天河区黄埔大道中粤韵庭园105铺,171cda29b3ec23bef1193740,1,0,113.37469,23.127925,18620208910,cater,http://api.map.baidu.com/place/detail?uid=171cda29b3ec23bef1193740&output=html&source=placeapi_v2,86.0,09:00-21:00,4.3,,,,,,,1,0,,,,,,,113.37465875938,23.127903826415,0
7ebac6fe4d37ccfc704b8737,添香饼家(员村店),美食,蛋糕甜品店,广东省,广州市,天河区,广东省广州市天河区员村新街4号,7ebac6fe4d37ccfc704b8737,1,0,113.37204,23.125662,(020)85524775,cater,http://api.map.baidu.com/place/detail?uid=7ebac6fe4d37ccfc704b8737&output=html&source=placeapi_v2,,06:00-24:00,2.3,,,,,,,,5,,,,,,,113.37213956566,23.12564704582,0
18cc2f11dd3e42ede31103a0,贰舍面包坊,美食,蛋糕甜品店,广东省,广州市,天河区,广东省广州市天河区涌边一横巷7号文昌园c栋,18cc2f11dd3e42ede31103a0,1,0,113.383557,23.130649,,cater,http://api.map.baidu.com/place/detail?uid=18cc2f11dd3e42ede31103a0&output=html&source=placeapi_v2,,07:00-20:00,5,,,,,,,,2,,,,,,,113.38356798813,23.130583142961,0
ec1204444f8e363b4afc8d7b,化州黄记甜品,美食,蛋糕甜品店,广东省,广州市,天河区,广东省广州市天河区东社大街15号东社,,1,0,113.365828,23.118284,13580072691,cater,http://api.map.baidu.com/place/detail?uid=ec1204444f8e363b4afc8d7b&output=html&source=placeapi_v2,,11:30-00:30,3.5,,,,,,,,0,,,,,,,113.3658288995,23.118321921049,0
2addf3171afcb7edf8f0cbd2,美乐蒂烘焙,美食,蛋糕甜品店,广东省,广州市,天河区,广东省广州市天河区全丰商业大厦员村二横路81号珠山街自编A1铺,2addf3171afcb7edf8f0cbd2,1,0,113.370327,23.122205,18689562929,cater,http://api.map.baidu.com/place/detail?uid=2addf3171afcb7edf8f0cbd2&output=html&source=placeapi_v2,,,,,,,,,,,,,,,,,,113.3704815633,23.122250634689,0
6278968769ca718d00ff2db0,品香园西饼店,美食,蛋糕甜品店,广东省,广州市,天河区,广州市天河区员村白水塘40号自编18a号,6278968769ca718d00ff2db0,1,0,113.372762,23.126741,15323355146,cater,http://api.map.baidu.com/place/detail?uid=6278968769ca718d00ff2db0&output=html&source=placeapi_v2,67.0,06:00-20:00,3.6,,,,,,,,0,,,,,,,113.37282208025,23.126653228789,0
3ce5babfb410d464c7f025aa,浓心爷爷·现烤面包(骏景花园店),美食,蛋糕甜品店,广东省,广州市,天河区,广东省广州市天河区骏景路骏中街104号首层,,1,0,113.391505,23.128475,13928812710,cater,http://api.map.baidu.com/place/detail?uid=3ce5babfb410d464c7f025aa&output=html&source=placeapi_v2,6.0,07:30-20:30,3.7,,,,,,,,1,,,,,,,113.39147438455,23.128649001205,0
a7c6e58be5566ccce5e9651f,笨小鸭手撕面包(员村店),美食,蛋糕甜品店,广东省,广州市,天河区,广东省广州市天河区员村新街8号,a7c6e58be5566ccce5e9651f,1,0,113.372616,23.126168,13802718209,cater,http://api.map.baidu.com/place/detail?uid=a7c6e58be5566ccce5e9651f&output=html&source=placeapi_v2,7.0,07:00-21:00,3.7,,,,,,,,0,,,,,,,113.3726367644,23.12597371508,0
dc91b414da6d814543afe64a,塔糖烘焙,美食,蛋糕甜品店,广东省,广州市,天河区,广东省广州市天河区田心路25号1楼25147室,dc91b414da6d814543afe64a,1,0,113.365369,23.121923,13570992131,cater,http://api.map.baidu.com/place/detail?uid=dc91b414da6d814543afe64a&output=html&source=placeapi_v2,,09:00-18:00,3.5,,,,,,,,,,,,,,,,,0
be0e030c09c03f9bb05c6adc,奶茶小屋,美食,蛋糕甜品店,广东省,广州市,天河区,广东省广州市天河区员村街道南社大街自编2-1号,be0e030c09c03f9bb05c6adc,1,0,113.364251,23.118522,15920451926,cater,http://api.map.baidu.com/place/detail?uid=be0e030c09c03f9bb05c6adc&output=html&source=placeapi_v2,16.0,10:00-23:00,3.6,,,,,,,,0,,,,,,,113.36414294086,23.118351107469,0
f65204ea9f036114f7eafca1,利口福(美林湖店),美食,蛋糕甜品店,广东省,广州市,天河区,广东省广州市天河区桃园南二街220号,f65204ea9f036114f7eafca1,1,0,113.422633,23.11418,(020)32061640,cater,http://api.map.baidu.com/place/detail?uid=f65204ea9f036114f7eafca1&output=html&source=placeapi_v2,44.0,07:00-22:00,3.7,,,,,,,,0,,,,,,,113.42276764419,23.114337133495,0
2288b45186e8a72a774ff1b6,甜麦麦烘焙坊(总店),美食,蛋糕甜品店,广东省,广州市,天河区,石溪牛涌街8号,2288b45186e8a72a774ff1b6,1,0,113.418865,23.114466,,cater,http://api.map.baidu.com/place/detail?uid=2288b45186e8a72a774ff1b6&output=html&source=placeapi_v2,88.0,06:00-24:00,0,,,,,,,,2,,,,,,,113.41880085343,23.114446145624,0
e32c6778ee07899ea2d230d5,琪麦轩蛋糕坊,美食,蛋糕甜品店,广东省,广州市,天河区,广州市天河区桃石路石溪新市场西北侧,,1,0,113.419235,23.114716,,cater,http://api.map.baidu.com/place/detail?uid=e32c6778ee07899ea2d230d5&output=html&source=placeapi_v2,,,,,,,,,,,,,,,,,,,,0
8f2084af7df9df022906cead,萨窝甜品(石溪东路店),美食,蛋糕甜品店,广东省,广州市,天河区,广东省广州市天河区牛涌街五巷1号,8f2084af7df9df022906cead,1,0,113.41816,23.114053,,cater,http://api.map.baidu.com/place/detail?uid=8f2084af7df9df022906cead&output=html&source=placeapi_v2,,12:00-24:00,4,,,,,,,,20,,,,,,,,,0
337915e3f911ff5fec74f888,提香坊蛋糕(盈彩店),美食,蛋糕甜品店,广东省,广州市,天河区,广东省广州市天河区盈溪路120号,337915e3f911ff5fec74f888,1,0,113.426126,23.120123,(020)82000532,cater,http://api.map.baidu.com/place/detail?uid=337915e3f911ff5fec74f888&output=html&source=placeapi_v2,,09:00-18:00,3.5,,,,,,,,0,,,,,,,113.42628388025,23.120139561828,0
efb3fb73ba19adcfd7851fbe,小蜜蜂(桃石路店),美食,蛋糕甜品店,广东省,广州市,天河区,桃石路欢乐网吧对面,efb3fb73ba19adcfd7851fbe,1,0,113.419248,23.115618,,cater,http://api.map.baidu.com/place/detail?uid=efb3fb73ba19adcfd7851fbe&output=html&source=placeapi_v2,,,0,,,,,,,,0,,,,,,,,,0
2260c1323d4cbd300482c2da,BLISS CAKE幸福西饼(盈彩美居店),美食,蛋糕甜品店,广东省,广州市,天河区,广东省广州市天河区盈紫街29号,,1,0,113.425282,23.120406,17770102598,cater,http://api.map.baidu.com/place/detail?uid=2260c1323d4cbd300482c2da&output=html&source=placeapi_v2,,09:00-23:00,3.4,,,,,,,,,,,,,,,,,0
fa835ce23a5abdafe912e491,金麦西饼(盈彩美居店),美食,蛋糕甜品店,广东省,广州市,天河区,广东省广州市天河区盈紫街23号,fa835ce23a5abdafe912e491,1,0,113.425525,23.120422,"(020)32238861,(020)38783092",cater,http://api.map.baidu.com/place/detail?uid=fa835ce23a5abdafe912e491&output=html&source=placeapi_v2,12.0,05:30-24:00,3.5,,,,,,,,1,,,,,,,113.42623523611,23.120558634402,0
b70b85c6614330dadbd891b9,FAMILY蛋糕(东圃店),美食,蛋糕甜品店,广东省,广州市,天河区,天河区宦溪北边街8号101房,,1,0,113.416886,23.123101,15915954765,cater,http://api.map.baidu.com/place/detail?uid=b70b85c6614330dadbd891b9&output=html&source=placeapi_v2,,07:00-23:00,0,,,,,,,,0,,,,,,,,,0
43a1f578cbe19830fea778ae,绿品居千层蛋糕店(天河店),美食,蛋糕甜品店,广东省,广州市,天河区,天河区黄村街道龙步大街5号之一,43a1f578cbe19830fea778ae,1,0,113.418571,23.126308,18924230815,cater,http://api.map.baidu.com/place/detail?uid=43a1f578cbe19830fea778ae&output=html&source=placeapi_v2,47.0,09:00-22:00,3.7,,,,,,,,,,,,,,,,,0
8657785d3d6189c5f8f0cb04,奥麦蛋糕世界(龙步店),美食,蛋糕甜品店,广东省,广州市,天河区,广东省广州市天河区园丁路7~9号龙步大街新三巷1号102铺,,1,0,113.41751,23.126632,15992465983,cater,http://api.map.baidu.com/place/detail?uid=8657785d3d6189c5f8f0cb04&output=html&source=placeapi_v2,28.0,09:00-21:30,3.4,,,,,,,,,,,,,,,113.41740002804,23.126651169092,0
8d4f6d56fb0703263617dca5,幸福西饼(金碧花园店),美食,蛋糕甜品店,广东省,广州市,黄埔区,广东省广州市黄埔区世纪南二街9号,,1,0,113.434733,23.119647,(020)31800145,cater,http://api.map.baidu.com/place/detail?uid=8d4f6d56fb0703263617dca5&output=html&source=placeapi_v2,89.0,07:00-23:00,3.3,,,,,,,,,,,,,,,113.43471863302,23.119496801033,0
b907fea9e9f881276140a97d,美心西饼(鱼珠站店),美食,蛋糕甜品店,广东省,广州市,黄埔区,广东省广州市黄埔区地铁5号线13号线换乘站鱼珠站B1,b907fea9e9f881276140a97d,1,0,113.438978,23.105778,,cater,http://api.map.baidu.com/place/detail?uid=b907fea9e9f881276140a97d&output=html&source=placeapi_v2,,08:30-18:30,,,,,,,,,,,,,,,,,,0
6273fcb75a4c3eab49fd3f01,美恋蛋糕店,美食,蛋糕甜品店,广东省,广州市,天河区,广州市天河区东圃大马路87号之一第二层(万和电气旁),,1,0,113.405781,23.121131,13288463627,cater,http://api.map.baidu.com/place/detail?uid=6273fcb75a4c3eab49fd3f01&output=html&source=placeapi_v2,,00:00-24:00,3.6,,,,,,,,17,,,,,,,,,0
1248927639077d2fcae33cea,利口福(羊城花园店),美食,蛋糕甜品店,广东省,广州市,天河区,天河区中山大道中538号113房商铺,1248927639077d2fcae33cea,1,0,113.418077,23.124162,(020)82510524,cater,http://api.map.baidu.com/place/detail?uid=1248927639077d2fcae33cea&output=html&source=placeapi_v2,28.0,07:00-22:00,3.5,,,,,,,,,,,,,,,113.41812009326,23.12415940926,0
14e6175bd99d35c3d0ff2376,绿贝烘焙(黄埔大道东),美食,蛋糕甜品店,广东省,广州市,黄埔区,广东省广州市黄埔区鱼珠北街3号3号之6号,14e6175bd99d35c3d0ff2376,1,0,113.437359,23.104646,18320725769,cater,http://api.map.baidu.com/place/detail?uid=14e6175bd99d35c3d0ff2376&output=html&source=placeapi_v2,13.0,06:00-23:30,3.5,,,,,,,,0,,,,,,,113.43728354858,23.104467194143,0
0b91abec67dfeb28c4f0253b,利口福(金碧世纪花园店),美食,蛋糕甜品店,广东省,广州市,黄埔区,广东省广州市黄埔区世纪南二街3号,0b91abec67dfeb28c4f0253b,1,0,113.434592,23.119771,(020)82581895,cater,http://api.map.baidu.com/place/detail?uid=0b91abec67dfeb28c4f0253b&output=html&source=placeapi_v2,9.0,07:00-22:00,3.8,,,,,,,,9,,,,,,,113.43452564143,23.119744055145,0
d9372b348a197fba5c17c34a,名豪饼屋(祥圃街店),美食,蛋糕甜品店,广东省,广州市,天河区,广东省广州市天河区中山大道祥圃街名圃花园名豪阁5号,d9372b348a197fba5c17c34a,1,0,113.41236,23.125422,,cater,http://api.map.baidu.com/place/detail?uid=d9372b348a197fba5c17c34a&output=html&source=placeapi_v2,,00:00-24:00,3.5,,,,,,,,0,,,,,,,113.41230268474,23.125426096231,0
a3e854a22404be1443e192ec,河南家乡香酱饼,美食,蛋糕甜品店,广东省,广州市,天河区,广州市天河区宦溪北路佳和新居东侧约70米,a3e854a22404be1443e192ec,1,0,113.415632,23.122805,13763392923,cater,http://api.map.baidu.com/place/detail?uid=a3e854a22404be1443e192ec&output=html&source=placeapi_v2,,04:00-20:00,3,,,,,,,,2,,,,,,,113.41567883215,23.122859117088,0
18ed16b130d8e4384e5547ad,哒麦烘焙,美食,蛋糕甜品店,广东省,广州市,天河区,广东省广州市天河区明珠街67号,18ed16b130d8e4384e5547ad,1,0,113.404867,23.119918,,cater,http://api.map.baidu.com/place/detail?uid=18ed16b130d8e4384e5547ad&output=html&source=placeapi_v2,,,,,,,,,,,,,,,,,,113.40474964219,23.119967369664,0
678cd0c21de6ef84c7f50db9,小霞包点(东圃店),美食,蛋糕甜品店,广东省,广州市,天河区,广东省广州市天河区陂东路1号,678cd0c21de6ef84c7f50db9,1,0,113.40666,23.123117,4001587277,cater,http://api.map.baidu.com/place/detail?uid=678cd0c21de6ef84c7f50db9&output=html&source=placeapi_v2,,,3.5,,,,,,,,1,,,,,,,,,0
736713f3b808641b9d95deb0,化州六月雪甜品(东乔大道店),美食,蛋糕甜品店,广东省,广州市,天河区,广东省广州市天河区富华西街5号,736713f3b808641b9d95deb0,1,0,113.429261,23.125325,13729829513,cater,http://api.map.baidu.com/place/detail?uid=736713f3b808641b9d95deb0&output=html&source=placeapi_v2,,,,,,,,,,,,,,,,,,,,0
c3e321014dc444ca80a00cc9,TSJ TOAST 兔司家(东圃店),美食,蛋糕甜品店,广东省,广州市,天河区,东圃大马路11号之二101-1铺,c3e321014dc444ca80a00cc9,1,0,113.408367,23.124402,15521389815,cater,http://api.map.baidu.com/place/detail?uid=c3e321014dc444ca80a00cc9&output=html&source=placeapi_v2,,,4.3,,,,,,,,64,,,,,,,,,0
7f91d87ac4afb19376026953,皇廷佳麦西饼(广州店),美食,蛋糕甜品店,广东省,广州市,天河区,广东省广州市天河区中山大道中1035号101铺,7f91d87ac4afb19376026953,1,0,113.425868,23.123921,"(020)31603424,13719155675",cater,http://api.map.baidu.com/place/detail?uid=7f91d87ac4afb19376026953&output=html&source=placeapi_v2,,,,,,,,,,,,,,,,,,113.42595672368,23.123894323765,0
dcdd28bc8070c764e81e97ed,怡茶,美食,蛋糕甜品店,广东省,广州市,天河区,广州市天河区黄村东路广骏公寓对面,dcdd28bc8070c764e81e97ed,1,0,113.422317,23.130725,19802099161,cater,http://api.map.baidu.com/place/detail?uid=dcdd28bc8070c764e81e97ed&output=html&source=placeapi_v2,,,3.5,,,,,,,2,0,,,,,,,,,0
d08df031aa1678324054d7ad,xixi·cake烘焙工作室,美食,蛋糕甜品店,广东省,广州市,天河区,广东省广州市天河区东圃湖边街68号103房,,1,0,113.406462,23.120331,15815892615,cater,http://api.map.baidu.com/place/detail?uid=d08df031aa1678324054d7ad&output=html&source=placeapi_v2,,10:30-21:30,,,,,,,,,,,,,,,,,,0
078f0e1bd8c728cd78f796aa,阿君烘焙,美食,蛋糕甜品店,广东省,广州市,黄埔区,广东省广州市黄埔区中山大道金碧世纪花园22栋101号,078f0e1bd8c728cd78f796aa,1,0,113.435539,23.120713,13189090955,cater,http://api.map.baidu.com/place/detail?uid=078f0e1bd8c728cd78f796aa&output=html&source=placeapi_v2,,00:00-24:00,,,,,,,,1,,,,,,,,,,0
907ce2e3d5ed7c072bd7ab4a,米雪香蛋糕面包,美食,蛋糕甜品店,广东省,广州市,天河区,广东省广州市天河区隔塘街金贝贝双语艺术幼儿园西侧约100米,,1,0,113.427743,23.129124,15521252938,cater,http://api.map.baidu.com/place/detail?uid=907ce2e3d5ed7c072bd7ab4a&output=html&source=placeapi_v2,,,,,,,,,,,,,,,,,,113.42765681716,23.129320465874,0
9da47c36fcd1e06b83a00c0d,美心西饼(黄埔百佳店),美食,蛋糕甜品店,广东省,广州市,黄埔区,广东省广州市黄埔区黄埔东路208号怡港花园怡欣楼1楼,9da47c36fcd1e06b83a00c0d,1,0,113.461034,23.106475,(020)82521701,cater,http://api.map.baidu.com/place/detail?uid=9da47c36fcd1e06b83a00c0d&output=html&source=placeapi_v2,26.0,08:30-22:30,3.7,,,,,,,,0,,,,,,,113.46100334508,23.106686867511,0
adce8e17518691af970319e3,喜三德甜品(黄埔店),美食,蛋糕甜品店,广东省,广州市,黄埔区,广东省广州市黄埔区井头七巷1号,adce8e17518691af970319e3,1,0,113.44754,23.117568,18142855477,cater,http://api.map.baidu.com/place/detail?uid=adce8e17518691af970319e3&output=html&source=placeapi_v2,,09:00-01:30,3.5,,,,,,,,,,,,,,,,,0
f465039c0059684cf4b91621,贝可利斯(惠润广场店),美食,蛋糕甜品店,广东省,广州市,黄埔区,黄埔东路298号惠润广场F1,f465039c0059684cf4b91621,1,0,113.463027,23.105476,(020)32218236,cater,http://api.map.baidu.com/place/detail?uid=f465039c0059684cf4b91621&output=html&source=placeapi_v2,22.0,06:00-23:00,3.7,,,,,,,,1,,,,,,,113.46255386441,23.106557942646,0
b06e614d3abb7353f50e77d1,仙踪林(惠润广场店),美食,蛋糕甜品店,广东省,广州市,黄埔区,黄埔东路298号惠润广场F1,b06e614d3abb7353f50e77d1,1,0,113.462732,23.10615,(020)22195529,cater,http://api.map.baidu.com/place/detail?uid=b06e614d3abb7353f50e77d1&output=html&source=placeapi_v2,59.0,10:00-22:30,3.1,,,,,,,,7,,,,,,,113.46263593989,23.106429044414,0
56de609f2a1965f421026272,皇后饼店(黄埔潮楼名店城店),美食,蛋糕甜品店,广东省,广州市,黄埔区,广州市黄埔区大沙地西路311号黄埔潮楼名店城F1,56de609f2a1965f421026272,1,0,113.453132,23.109632,(020)82039284,cater,http://api.map.baidu.com/place/detail?uid=56de609f2a1965f421026272&output=html&source=placeapi_v2,17.0,07:00-22:00,5,,,,,,,,2,,,,,,,113.45304087105,23.109525506387,0
3659ccb34ce614db6168586e,美心西饼(黄埔潮楼名店城店),美食,蛋糕甜品店,广东省,广州市,黄埔区,广州市黄埔区大沙地西路311号黄埔潮楼名店城F1,3659ccb34ce614db6168586e,1,0,113.453106,23.109734,,cater,http://api.map.baidu.com/place/detail?uid=3659ccb34ce614db6168586e&output=html&source=placeapi_v2,50.0,10:00-22:00,3.8,,,,,,,,4,,,,,,,113.45332323362,23.109837389333,0
94ebcbafd66934c7704b87d5,MrQ甜品,美食,蛋糕甜品店,广东省,广州市,黄埔区,黄埔区护林路豫章苑农商银行旁,94ebcbafd66934c7704b87d5,1,0,113.459149,23.118825,18926152286,cater,http://api.map.baidu.com/place/detail?uid=94ebcbafd66934c7704b87d5&output=html&source=placeapi_v2,19.0,10:00-22:00,3.7,,,,,,,,0,,,,,,,,,0
e7841d7250e033bd4e2fdfd0,奇上奇饮食店(石化路店),美食,蛋糕甜品店,广东省,广州市,黄埔区,广东省广州市黄埔区石化路50号康达楼110号铺,e7841d7250e033bd4e2fdfd0,1,0,113.474364,23.105488,(020)32026086,cater,http://api.map.baidu.com/place/detail?uid=e7841d7250e033bd4e2fdfd0&output=html&source=placeapi_v2,19.0,00:00-24:00,0,,,,,,,,0,,,,,,,,,0
8fcff5d65cf533ea2cb9088e,九记甜品下午茶简餐(大沙地店),美食,蛋糕甜品店,广东省,广州市,黄埔区,广东省广州市黄埔区坑头新村北三巷8号101铺,,1,0,113.449535,23.114714,15768537913,cater,http://api.map.baidu.com/place/detail?uid=8fcff5d65cf533ea2cb9088e&output=html&source=placeapi_v2,,09:00-03:00,3.5,,,,,,,,,,,,,,,,,0
7efc0fa333e0bc5b250bd046,挞将军(港湾路店),美食,蛋糕甜品店,广东省,广州市,黄埔区,广东省广州市黄埔区港湾路415号,7efc0fa333e0bc5b250bd046,1,0,113.453931,23.108162,13670987718,cater,http://api.map.baidu.com/place/detail?uid=7efc0fa333e0bc5b250bd046&output=html&source=placeapi_v2,11.0,06:30-23:00,3.8,,,,,,,,2,,,,,,,,,0
52dd5565e01a2ec5fda778e6,靓味喜多多化州糖水店(茅岗店),美食,蛋糕甜品店,广东省,广州市,黄埔区,广东省广州市黄埔区企岭街25号,52dd5565e01a2ec5fda778e6,1,0,113.449178,23.118327,13825124084,cater,http://api.map.baidu.com/place/detail?uid=52dd5565e01a2ec5fda778e6&output=html&source=placeapi_v2,5.0,00:00-24:00,4.2,,,,,,,,6,,,,,,,113.44920286615,23.118388638744,0
8f86414a941aff5195ca0700,超润甜品(黄埔店),美食,蛋糕甜品店,广东省,广州市,黄埔区,广东省广州市黄埔区企领街23号,8f86414a941aff5195ca0700,1,0,113.449563,23.118362,13553650600,cater,http://api.map.baidu.com/place/detail?uid=8f86414a941aff5195ca0700&output=html&source=placeapi_v2,,12:00-02:00,3.5,,,,,,,,0,,,,,,,113.44951520338,23.118261885665,0
c16bca2041a238a109a8d410,大卡司(黄埔潮楼名店城店),美食,蛋糕甜品店,广东省,广州市,黄埔区,广州市黄埔区大沙地西路311号黄埔潮楼名店城F1,c16bca2041a238a109a8d410,1,0,113.453178,23.109723,18826482440,cater,http://api.map.baidu.com/place/detail?uid=c16bca2041a238a109a8d410&output=html&source=placeapi_v2,13.0,,3.7,,,,,,,,3,,,,,,,113.45304087105,23.109525506387,0
3049ecbf0f7f54b2b04c49c8,goldlion(摩登百货店),美食,蛋糕甜品店,广东省,广州市,黄埔区,广州市黄埔区黄埔东路1-9号摩登百货F1,3049ecbf0f7f54b2b04c49c8,1,0,113.455415,23.106944,,cater,http://api.map.baidu.com/place/detail?uid=3049ecbf0f7f54b2b04c49c8&output=html&source=placeapi_v2,,,,,,,,,,,,,,,,,,,,0
d83075b180f28b3387330419,黄埔白天鹅,美食,蛋糕甜品店,广东省,广州市,黄埔区,广东省广州市黄埔区中山大道东570号2楼,d83075b180f28b3387330419,1,0,113.454368,23.105684,(020)82270806,cater,http://api.map.baidu.com/place/detail?uid=d83075b180f28b3387330419&output=html&source=placeapi_v2,23.0,07:00-20:30,3,,,,,,,,4,,,,,,,113.45425477913,23.105669468674,0
17102d8abab3cf0ba8059d03,春天烘焙生活馆,美食,蛋糕甜品店,广东省,广州市,黄埔区,广东省广州市黄埔区企岭街北八巷8号,17102d8abab3cf0ba8059d03,1,0,113.450929,23.118417,(020)82558165,cater,http://api.map.baidu.com/place/detail?uid=17102d8abab3cf0ba8059d03&output=html&source=placeapi_v2,22.0,08:30-21:00,0,,,,,,,,0,,,,,,,113.45096235918,23.118493306024,0
75dac13c9dc899453517dc37,澳美西饼(文冲店),美食,蛋糕甜品店,广东省,广州市,黄埔区,广东省广州市黄埔区江北中约大街2号,75dac13c9dc899453517dc37,1,0,113.477607,23.112649,13826433340,cater,http://api.map.baidu.com/place/detail?uid=75dac13c9dc899453517dc37&output=html&source=placeapi_v2,75.0,06:00-22:00,3.5,,,,,,,,2,,,,,,,,,0
a72be61146b0505c8a2fb572,美心甜品屋,美食,蛋糕甜品店,广东省,广州市,黄埔区,广州市黄埔区江北村168号,,1,0,113.477769,23.112707,"13794405475,15917663411",cater,http://api.map.baidu.com/place/detail?uid=a72be61146b0505c8a2fb572&output=html&source=placeapi_v2,20.0,,0,,,,,,,,0,,,,,,,,,0
e9317aa6efcc96a176e5b616,提香坊(荔景店),美食,蛋糕甜品店,广东省,广州市,黄埔区,广东省广州市黄埔区荔香路41号108铺,e9317aa6efcc96a176e5b616,1,0,113.450729,23.102757,(020)82294037,cater,http://api.map.baidu.com/place/detail?uid=e9317aa6efcc96a176e5b616&output=html&source=placeapi_v2,11.0,06:00-23:30,3.6,,,,,,,,30,,,,,,,113.45078620057,23.102818992721,0
ac77bc6512f3c0db40ab9a11,化州老字号六月雪冰临城下,美食,蛋糕甜品店,广东省,广州市,黄埔区,广东省广州市黄埔区咸田一巷4号铺,ac77bc6512f3c0db40ab9a11,1,0,113.474839,23.10648,13724483593,cater,http://api.map.baidu.com/place/detail?uid=ac77bc6512f3c0db40ab9a11&output=html&source=placeapi_v2,,12:00-01:00,0,,,,,,,,0,,,,,,,113.47486533096,23.106521533371,0
702c2c4d48e6d48622f017e0,钟先森甜品(黄埔店),美食,蛋糕甜品店,广东省,广州市,黄埔区,广东省广州市黄埔区宏明路223号,702c2c4d48e6d48622f017e0,1,0,113.551243,23.119516,15818814360,cater,http://api.map.baidu.com/place/detail?uid=702c2c4d48e6d48622f017e0&output=html&source=placeapi_v2,15.0,10:30-22:30,3.6,,,,,,,,6,,,,,,,,,0
4fc3161a8bff3cb03b13fd8f,大卡司(东悦路店),美食,蛋糕甜品店,广东省,广州市,黄埔区,广东省广州市黄埔区东悦一街22号,4fc3161a8bff3cb03b13fd8f,1,0,113.551031,23.116553,"(020)82235563,(020)82268658",cater,http://api.map.baidu.com/place/detail?uid=4fc3161a8bff3cb03b13fd8f&output=html&source=placeapi_v2,29.0,10:00-02:00,3.6,,,,,,,,26,,,,,,,113.55106685272,23.116606170233,0
eee08a82bb4c8283abf0cd30,李氏糖伯府西式甜品,美食,蛋糕甜品店,广东省,广州市,黄埔区,广东省广州市黄埔区春晖四街58号,eee08a82bb4c8283abf0cd30,1,0,113.552812,23.113207,13650985611,cater,http://api.map.baidu.com/place/detail?uid=eee08a82bb4c8283abf0cd30&output=html&source=placeapi_v2,27.0,10:00-22:00,3.7,,,,,,,,19,,,,,,,113.55297209852,23.113189466803,0
e4a6dddf83195e06cc06a4ae,甜蜜家园蛋糕店(蛋糕送到家东路店),美食,蛋糕甜品店,广东省,广州市,黄埔区,黄埔东路3525号三层,,1,0,113.541935,23.097301,"(020)31702209,14749359813",cater,http://api.map.baidu.com/place/detail?uid=e4a6dddf83195e06cc06a4ae&output=html&source=placeapi_v2,,07:00-23:00,3.5,,,,,,,,,,,,,,,,,0
6835e3a745a02633e3110328,麦越金田子(南康店),美食,蛋糕甜品店,广东省,广州市,黄埔区,广州市黄埔区春晖六街东区23号,6835e3a745a02633e3110328,1,0,113.552907,23.112256,(020)62662620,cater,http://api.map.baidu.com/place/detail?uid=6835e3a745a02633e3110328&output=html&source=placeapi_v2,12.0,09:00-21:00,2.5,,,,,,,,12,,,,,,,113.5528501805,23.112227039587,0
51829ffd9e037e35250bd004,麦越金田子(水南店),美食,蛋糕甜品店,广东省,广州市,增城区,广东省广州市增城区水南大道西7号,51829ffd9e037e35250bd004,1,0,113.560006,23.110195,(020)62662620,cater,http://api.map.baidu.com/place/detail?uid=51829ffd9e037e35250bd004&output=html&source=placeapi_v2,12.0,06:00-21:30,3.5,,,,,,,,4,,,,,,,,,0
d087cdec18e8937287330454,8090奶茶酷吧(增城逸富广场店),美食,蛋糕甜品店,广东省,广州市,增城区,广州市增城区广深大道西雅庭酒店(广州黄埔东区店),d087cdec18e8937287330454,1,0,113.557587,23.115332,13229915522,cater,http://api.map.baidu.com/place/detail?uid=d087cdec18e8937287330454&output=html&source=placeapi_v2,,10:00-22:00,3.4,,,,,,,,0,,,,,,,,,0
8e0da766dfaf4b4b7c29bdb2,芝柏甜品,美食,蛋糕甜品店,广东省,广州市,增城区,广州市增城区南碱路江濠酒店(新塘夏埔工业园店)北侧约50米,8e0da766dfaf4b4b7c29bdb2,1,0,113.573107,23.108828,,cater,http://api.map.baidu.com/place/detail?uid=8e0da766dfaf4b4b7c29bdb2&output=html&source=placeapi_v2,,,,,,,,,,,,,,,,,,,,0
dc5777282d61b5ffab175acd,美味烘焙房（夏埔店）,美食,蛋糕甜品店,广东省,广州市,增城区,广东省广州市增城区夏埔南街1号,dc5777282d61b5ffab175acd,1,0,113.572661,23.111416,18617206619,cater,http://api.map.baidu.com/place/detail?uid=dc5777282d61b5ffab175acd&output=html&source=placeapi_v2,7.0,06:00-23:30,0,,,,,,,,1,,,,,,,113.57276238514,23.111384029818,0
07f3c8b57ca6787a6340a9b3,亚信双皮奶甜品店(卫山路店),美食,蛋糕甜品店,广东省,广州市,增城区,广东广州市增城区卫山路60号,07f3c8b57ca6787a6340a9b3,1,0,113.617702,23.125637,(020)82708886,cater,http://api.map.baidu.com/place/detail?uid=07f3c8b57ca6787a6340a9b3&output=html&source=placeapi_v2,15.0,13:00-23:00,3.7,,,,,,,,4,,,,,,,,,0
abbb89fed6964417343a712e,正宗化州甜品(新塘分店),美食,蛋糕甜品店,广东省,广州市,增城区,广东省广州市增城区卫山路84号,abbb89fed6964417343a712e,1,0,113.616532,23.125578,13760896231,cater,http://api.map.baidu.com/place/detail?uid=abbb89fed6964417343a712e&output=html&source=placeapi_v2,10.0,00:00-24:00,3.4,,,,,,,,0,,,,,,,113.61652822303,23.125473144045,0
a5b14a74acb174c6e115f9a6,皇紫面包屋,美食,蛋糕甜品店,广东省,广州市,增城区,广东省广州市增城区解放路73号,a5b14a74acb174c6e115f9a6,1,0,113.621988,23.114561,(020)82776626,cater,http://api.map.baidu.com/place/detail?uid=a5b14a74acb174c6e115f9a6&output=html&source=placeapi_v2,,,3.8,,,,,,,,6,,,,,,,113.6220719996,23.114583010816,0
084be608b9df4e8c9d82ea1d,绿尔岛(建设店),美食,蛋糕甜品店,广东省,广州市,增城区,广东省广州市增城区建设路141号,084be608b9df4e8c9d82ea1d,1,0,113.625472,23.117527,(020)82767256,cater,http://api.map.baidu.com/place/detail?uid=084be608b9df4e8c9d82ea1d&output=html&source=placeapi_v2,9.0,06:00-23:00,4.7,,,,,,,,16,,,,,,,,,0
34059f97f4ee865470455bb5,蓝美点蛋糕,美食,蛋糕甜品店,广东省,广州市,增城区,广东省广州市增城区新塘大道西303号54号,34059f97f4ee865470455bb5,1,0,113.613517,23.125744,(020)82709337,cater,http://api.map.baidu.com/place/detail?uid=34059f97f4ee865470455bb5&output=html&source=placeapi_v2,22.0,06:00-23:15,3.4,,,,,,,,1,,,,,,,113.61340430363,23.125741676214,0
d4e843895376802dc5effb96,果宝甜品(中堂店),美食,蛋糕甜品店,广东省,东莞市,,广东省东莞市振兴路10号,d4e843895376802dc5effb96,1,0,113.65874,23.1002,(0769)88898386,cater,http://api.map.baidu.com/place/detail?uid=d4e843895376802dc5effb96&output=html&source=placeapi_v2,12.0,09:00-20:00,3.5,,,,,,,,2,,,,,,,113.65890411639,23.100140277028,0
e684ba1d9af069cb04026fb0,广隆蛋挞王(凌角街店),美食,蛋糕甜品店,广东省,东莞市,,广东省东莞市凌角街2号,26c371970b0303be8bfc0603,1,0,113.659074,23.103719,(0769)88816223,cater,http://api.map.baidu.com/place/detail?uid=e684ba1d9af069cb04026fb0&output=html&source=placeapi_v2,21.0,08:00-22:00,3.6,,,,,,,,2,,,,,,,113.65901015956,23.103620351952,0
68e4e966684be3d4770269a3,新新甜品美食店,美食,蛋糕甜品店,广东省,东莞市,,广东省东莞市新兴路80号,68e4e966684be3d4770269a3,1,0,113.66448,23.099623,(0769)88819277,cater,http://api.map.baidu.com/place/detail?uid=68e4e966684be3d4770269a3&output=html&source=placeapi_v2,23.0,09:00-01:00,3.8,,,,,,,,3,,,,,,,113.66450612113,23.099511218522,0
13693824d81e8a04276e9855,cc甜品定制,美食,蛋糕甜品店,广东省,东莞市,,东莞市中堂镇南国雅苑怡景居105号铺,13693824d81e8a04276e9855,1,0,113.657649,23.102717,13798869100,cater,http://api.map.baidu.com/place/detail?uid=13693824d81e8a04276e9855&output=html&source=placeapi_v2,40.0,11:00-23:30,3.6,,,,,,,,14,,,,,,,,,0
750049d094bea02514948e6b,化州甜品,美食,蛋糕甜品店,广东省,东莞市,,中堂镇中堂新兴路48号108室,750049d094bea02514948e6b,1,0,113.663454,23.097152,18819858985,cater,http://api.map.baidu.com/place/detail?uid=750049d094bea02514948e6b&output=html&source=placeapi_v2,,,,,,,,,,,,,,,,,,,,0
5266d2111f6a7c64d42ce2dc,茶芳园甜品,美食,蛋糕甜品店,广东省,东莞市,,广东省东莞市十八巷5号,,1,0,113.656752,23.120164,18825168018,cater,http://api.map.baidu.com/place/detail?uid=5266d2111f6a7c64d42ce2dc&output=html&source=placeapi_v2,,,3.6,,,,,,,,,,,,,,,113.65673398366,23.120030351299,0
449adaceefbf754849fd3f54,点湛糖水(中堂店),美食,蛋糕甜品店,广东省,东莞市,,广东省东莞市觉华路10-2号,449adaceefbf754849fd3f54,1,0,113.660512,23.097092,13500229955,cater,http://api.map.baidu.com/place/detail?uid=449adaceefbf754849fd3f54&output=html&source=placeapi_v2,8.0,00:00-24:00,3.5,,,,,,,,0,,,,,,,113.66044779333,23.09701357701,0
1bfee7f90bae6470a21de93b,升記甜品,美食,蛋糕甜品店,广东省,东莞市,,中堂镇中兴路32号,,1,0,113.666345,23.101441,,cater,http://api.map.baidu.com/place/detail?uid=1bfee7f90bae6470a21de93b&output=html&source=placeapi_v2,,,3.1,,,,,,,,2,,,,,,,,,0
34f6fa4c2550af0303ff2de7,乐园面包(中麻路店),美食,蛋糕甜品店,广东省,东莞市,,广东省东莞市中麻路32-1号,34f6fa4c2550af0303ff2de7,1,0,113.660481,23.096807,(0769)88890891,cater,http://api.map.baidu.com/place/detail?uid=34f6fa4c2550af0303ff2de7&output=html&source=placeapi_v2,8.0,06:30-22:30,3.5,,,,,,,,8,,,,,,,113.66044794784,23.096736082183,0
2a425871f369f9e326d2bb41,甜心蛋糕屋(中堂店),美食,蛋糕甜品店,广东省,东莞市,,广东省东莞市中心路9号江南综合市场119店,,1,0,113.658345,23.121989,13763125210,cater,http://api.map.baidu.com/place/detail?uid=2a425871f369f9e326d2bb41&output=html&source=placeapi_v2,,07:00-23:00,3.5,,,,,,,,,,,,,,,,,0
4239be8548261c34b13c815b,果味斯(万和百货店),美食,蛋糕甜品店,广东省,东莞市,,广东省东莞市万和百货(中堂店)42-4号,4239be8548261c34b13c815b,1,0,113.658069,23.097197,(0769)88122273,cater,http://api.map.baidu.com/place/detail?uid=4239be8548261c34b13c815b&output=html&source=placeapi_v2,,10:00-23:00,3.5,,,,,,,,0,,,,,,,113.65810497124,23.097012926121,0
47eca0e9ebf0635ed3ff2333,壹家甜品,美食,蛋糕甜品店,广东省,东莞市,,广东省东莞市鹤兴路69号-1-5号,,1,0,113.688728,23.102966,,cater,http://api.map.baidu.com/place/detail?uid=47eca0e9ebf0635ed3ff2333&output=html&source=placeapi_v2,,11:00-19:00,,,,,,,,,,,,,,,,,,0
430a6dfd3194294288f15de5,甜森蛋糕店,美食,蛋糕甜品店,广东省,东莞市,,广东省东莞市新平田一巷21号,,1,0,113.686277,23.108704,13662708130,cater,http://api.map.baidu.com/place/detail?uid=430a6dfd3194294288f15de5&output=html&source=placeapi_v2,,,3.6,,,,,,,,,,,,,,,,,0
0e51d61a897bfe63e8e58264,老翁凉茶(吴家涌店),美食,蛋糕甜品店,广东省,东莞市,,广东省东莞市中心路41号,,1,0,113.685565,23.106502,,cater,http://api.map.baidu.com/place/detail?uid=0e51d61a897bfe63e8e58264&output=html&source=placeapi_v2,,,0,,,,,,,,1,,,,,,,113.68563423977,23.106384433667,0
ef62f8dcafd7c0388605bfe8,宝岛甜品(中堂店),美食,蛋糕甜品店,广东省,东莞市,,广东省东莞市中堂镇南堤大街北36巷1号2楼,ef62f8dcafd7c0388605bfe8,1,0,113.747954,23.123847,(0769)82655180,cater,http://api.map.baidu.com/place/detail?uid=ef62f8dcafd7c0388605bfe8&output=html&source=placeapi_v2,31.0,11:00-23:00,3.7,,,,,,,,9,,,,,,,113.74801689076,23.123792168355,0
8ed94895c4af9b1f6240a916,一点甜品,美食,蛋糕甜品店,广东省,东莞市,,广东省东莞市南堤大街南十六巷1号,,1,0,113.744569,23.122828,"(0769)81730289,13316647226",cater,http://api.map.baidu.com/place/detail?uid=8ed94895c4af9b1f6240a916&output=html&source=placeapi_v2,,09:00-23:00,3.5,,,,,,,,,,,,,,,113.74453642578,23.122937030392,0
e199a07fe42c7e31aecb6695,荟萃甜品,美食,蛋糕甜品店,广东省,东莞市,,广东省东莞市中心东路冼沙学校南120米,e199a07fe42c7e31aecb6695,1,0,113.75929,23.105857,18124316389,cater,http://api.map.baidu.com/place/detail?uid=e199a07fe42c7e31aecb6695&output=html&source=placeapi_v2,,12:00-23:00,3.5,,,,,,,,13,,,,,,,,,0
15a93810cfbd51c014c8f6d8,紫云轩蛋糕店,美食,蛋糕甜品店,广东省,东莞市,,广东省东莞市庆丰中路211号,15a93810cfbd51c014c8f6d8,1,0,113.7967,23.112333,"(0769)86017689,13377738277",cater,http://api.map.baidu.com/place/detail?uid=15a93810cfbd51c014c8f6d8&output=html&source=placeapi_v2,,08:00-22:00,3.5,,,,,,,,1,,,,,,,113.796705176,23.11218652148,0
114f464650d406bd51e5c582,福轩食品,美食,蛋糕甜品店,广东省,东莞市,,广东省东莞市高龙东路18号,114f464650d406bd51e5c582,1,1,113.777037,23.107507,(0769)88738326,cater,http://api.map.baidu.com/place/detail?uid=114f464650d406bd51e5c582&output=html&source=placeapi_v2,,00:00-24:00,0,,,,,,,,2,,,,,,,113.77696894133,23.107674631856,1
b81577621e687cfdaeb22a3f,甜品站,美食,蛋糕甜品店,广东省,东莞市,,东莞市光明路叻美苑西侧约40米,,1,0,113.822321,23.107622,15816800916,cater,http://api.map.baidu.com/place/detail?uid=b81577621e687cfdaeb22a3f&output=html&source=placeapi_v2,,,,,,,,,,,,,,,,,,,,0
803708f11226816001897224,乐园面包(石碣店),美食,蛋糕甜品店,广东省,东莞市,,广东省东莞市政文路19号,803708f11226816001897224,1,0,113.822032,23.105025,18576851738,life,http://api.map.baidu.com/place/detail?uid=803708f11226816001897224&output=html&source=placeapi_v2,,07:00-22:00,3.6,,,,,,,56,27,,,,,,,113.82204330852,23.104897356728,0
abb7167c4f6078b44c3a5900,温度甜品·蛋糕,美食,蛋糕甜品店,广东省,东莞市,,广东省东莞市崇焕中路163号,,1,0,113.803067,23.107981,13416913882,cater,http://api.map.baidu.com/place/detail?uid=abb7167c4f6078b44c3a5900&output=html&source=placeapi_v2,,09:30-22:00,,,,,,,,,,,,,,,,,,0
49945a8417b9252b06026f42,杏林春凉茶(石碣六店),美食,蛋糕甜品店,广东省,东莞市,,广东省东莞市明珠西路18号,49945a8417b9252b06026f42,1,0,113.820276,23.112103,(0769)81813837,cater,http://api.map.baidu.com/place/detail?uid=49945a8417b9252b06026f42&output=html&source=placeapi_v2,11.0,08:30-22:30,3.5,,,,,,,,0,,,,,,,113.82032599991,23.112212010775,0
48173ab10da27d574107c179,可琪烘焙,美食,蛋糕甜品店,广东省,东莞市,,广东省东莞市一德街10号1楼,48173ab10da27d574107c179,1,0,113.812494,23.100731,"(0769)83006975,13712273022",cater,http://api.map.baidu.com/place/detail?uid=48173ab10da27d574107c179&output=html&source=placeapi_v2,10.0,09:00-21:00,3.4,,,,,,,,9,,,,,,,,,0
5577e15f2438a90dc03644e9,米乐琪蛋糕店(新世纪店),美食,蛋糕甜品店,广东省,东莞市,,广东省东莞市新世纪花园二期盈拓郦苑1号楼101，102号铺,5577e15f2438a90dc03644e9,1,0,113.827592,23.106784,"(0769)89616160,13509835770",cater,http://api.map.baidu.com/place/detail?uid=5577e15f2438a90dc03644e9&output=html&source=placeapi_v2,12.0,08:00-22:00,3.5,,,,,,,,28,,,,,,,113.82757729356,23.106902365869,0
ef2576fd11dfd014b23c81b9,彩蝶轩(南铭商业中心彩虹西路店),美食,蛋糕甜品店,广东省,东莞市,,东莞市石碣镇彩虹西路14号南铭商业中心F1,ef2576fd11dfd014b23c81b9,1,0,113.82275,23.109547,,cater,http://api.map.baidu.com/place/detail?uid=ef2576fd11dfd014b23c81b9&output=html&source=placeapi_v2,,,,,,,,,,,,,,,,,,113.82251608311,23.110273224824,0
b808e60af01e2f08fe0eb030,清心美食塘水城,美食,蛋糕甜品店,广东省,东莞市,,广东省东莞市龙眼路5号,b808e60af01e2f08fe0eb030,1,0,113.825387,23.124345,,cater,http://api.map.baidu.com/place/detail?uid=b808e60af01e2f08fe0eb030&output=html&source=placeapi_v2,,,,,,,,,,,,,,,,,,,,0
c8376e5c9499eb0581288ac5,金莎蛋糕店(园吓路店),美食,蛋糕甜品店,广东省,东莞市,,广东省东莞市园吓路30号,c8376e5c9499eb0581288ac5,1,0,113.810113,23.103038,13768751961,cater,http://api.map.baidu.com/place/detail?uid=c8376e5c9499eb0581288ac5&output=html&source=placeapi_v2,12.0,10:00-22:00,0,,,,,,,,1,,,,,,,113.81005625601,23.102914749629,0
b3a734a9b88327be4c6d465b,美佳乐蛋糕(石碣店),美食,蛋糕甜品店,广东省,东莞市,,广东省东莞市新风中路9号2号档,b3a734a9b88327be4c6d465b,1,0,113.817673,23.102827,13332606162,cater,http://api.map.baidu.com/place/detail?uid=b3a734a9b88327be4c6d465b&output=html&source=placeapi_v2,,08:00-22:30,3.4,,,,,,,,1,,,,,,,113.81767855972,23.102751648084,0
237072c8f41e77c3b2077d48,鸿记糖水,美食,蛋糕甜品店,广东省,东莞市,,广东省东莞市石单中路168号,,1,0,113.812012,23.110811,,cater,http://api.map.baidu.com/place/detail?uid=237072c8f41e77c3b2077d48&output=html&source=placeapi_v2,,,,,,,,,,1,,,,,,,,,,0
abbe349a4074c298932ca3a1,穗香园(同庆街店),美食,蛋糕甜品店,广东省,东莞市,,广东省东莞市石单中路27号101室,abbe349a4074c298932ca3a1,1,0,113.811605,23.112232,(0769)86378762,cater,http://api.map.baidu.com/place/detail?uid=abbe349a4074c298932ca3a1&output=html&source=placeapi_v2,15.0,14:30-20:00,3.4,,,,,,,,4,,,,,,,,,0
259ad5536d20f9d69868b48d,陕西香飘飘快餐城(园吓路店),美食,蛋糕甜品店,广东省,东莞市,,广东省东莞市园吓路23号,259ad5536d20f9d69868b48d,1,0,113.810011,23.102765,13532759368,cater,http://api.map.baidu.com/place/detail?uid=259ad5536d20f9d69868b48d&output=html&source=placeapi_v2,,10:00-22:00,0,,,,,,,,1,,,,,,,,,0
ed35268cc549a4cb0bccdd88,君君之C家外卖,美食,蛋糕甜品店,广东省,东莞市,,广东省东莞市邦口塘3巷7号,ed35268cc549a4cb0bccdd88,1,0,113.81084,23.115442,13712007800,cater,http://api.map.baidu.com/place/detail?uid=ed35268cc549a4cb0bccdd88&output=html&source=placeapi_v2,,13:00-19:00,,,,,,,,7,,,,,,,,113.81089467509,23.115434588282,0
b28efc434e4712d5373a71eb,和兴冰冻糖水,美食,蛋糕甜品店,广东省,东莞市,,广东省东莞市荣华路62号,b28efc434e4712d5373a71eb,1,0,113.804906,23.114523,,cater,http://api.map.baidu.com/place/detail?uid=b28efc434e4712d5373a71eb&output=html&source=placeapi_v2,,,,,,,,,,,,,,,,,,113.80494946195,23.114595375571,0
4642844a9613f7c0c8fa5f9e,皇后饼店(流花路店),美食,蛋糕甜品店,广东省,广州市,越秀区,广东省广州市越秀区流花路109号达宝广场1楼,4642844a9613f7c0c8fa5f9e,1,0,113.260572,23.146,(020)86662156,cater,http://api.map.baidu.com/place/detail?uid=4642844a9613f7c0c8fa5f9e&output=html&source=placeapi_v2,15.0,07:00-21:30,4.6,,,,,,,,15,,,,,,,113.2606555168,23.145874512521,0
ff538c97685edaa34151c05e,穗发面包店,美食,蛋糕甜品店,广东省,广州市,荔湾区,广东省广州市荔湾区陈岗路2号,ff538c97685edaa34151c05e,1,0,113.259103,23.146724,13126427733,cater,http://api.map.baidu.com/place/detail?uid=ff538c97685edaa34151c05e&output=html&source=placeapi_v2,,06:00-22:00,3.4,,,,,,,,0,,,,,,,113.25915246484,23.146624017622,0
93df0dc3652b5032892fb5f6,雪贝尔艺术蛋糕坊(盘福路店),美食,蛋糕甜品店,广东省,广州市,越秀区,广东省广州市越秀区盘福路1~4号,93df0dc3652b5032892fb5f6,1,0,113.265489,23.141875,(020)81367977,cater,http://api.map.baidu.com/place/detail?uid=93df0dc3652b5032892fb5f6&output=html&source=placeapi_v2,23.0,07:00-22:00,3.5,,,,,,,,6,,,,,,,113.26547905358,23.141807077407,0
53349ee37aae3077230262e1,如意饼屋(盘福大街店),美食,蛋糕甜品店,广东省,广州市,越秀区,广东省广州市越秀区盘福路盘福大街35号,53349ee37aae3077230262e1,1,0,113.266053,23.141621,15818122480,cater,http://api.map.baidu.com/place/detail?uid=53349ee37aae3077230262e1&output=html&source=placeapi_v2,6.0,10:00-22:00,3.6,,,,,,,,3,,,,,,,,,0
00f1c7fbb2bbc206c156acf6,雪贝尔艺术蛋糕坊(百灵路店),美食,蛋糕甜品店,广东省,广州市,越秀区,广东广州市越秀区百灵路130号,00f1c7fbb2bbc206c156acf6,1,0,113.265089,23.137042,"(020)83322341,(020)87831326",cater,http://api.map.baidu.com/place/detail?uid=00f1c7fbb2bbc206c156acf6&output=html&source=placeapi_v2,16.0,07:00-22:00,3.7,,,,,,,,182,,,,,,,113.26505919007,23.136926837662,0
f633606ad19060570a69d9b8,美心西饼(东浚环球店),美食,蛋糕甜品店,广东省,广州市,越秀区,广东省广州市越秀区人民北路829号,f633606ad19060570a69d9b8,1,0,113.261024,23.135213,(020)88902828,cater,http://api.map.baidu.com/place/detail?uid=f633606ad19060570a69d9b8&output=html&source=placeapi_v2,23.0,07:30-22:00,3.7,,,,,,,,6,,,,,,,113.26116137689,23.135062300787,0
e2c734e41f15234414a1909f,圣安娜饼屋(时代国际店),美食,蛋糕甜品店,广东省,广州市,越秀区,广东省广州市越秀区东风西路187号时代国际大厦,e2c734e41f15234414a1909f,1,0,113.260081,23.13911,(020)81361316,cater,http://api.map.baidu.com/place/detail?uid=e2c734e41f15234414a1909f&output=html&source=placeapi_v2,19.0,07:00-22:00,3.8,,,,,,,,12,,,,,,,113.26007292615,23.139069379634,0
762041036971713982288adc,美味香,美食,蛋糕甜品店,广东省,广州市,荔湾区,广东广州市荔湾区站前路40号,762041036971713982288adc,1,0,113.253769,23.146192,(020)86433508,cater,http://api.map.baidu.com/place/detail?uid=762041036971713982288adc&output=html&source=placeapi_v2,,06:00-24:00,3.5,,,,,,,,0,,,,,,,113.25369705997,23.146263142328,0
b0d056f2a994c567cbc3dbfa,沙湾甜品食馆(西华店),美食,蛋糕甜品店,广东省,广州市,越秀区,广东省广州市越秀区西华路第一津3号101铺(近南方幼儿园),b0d056f2a994c567cbc3dbfa,1,0,113.259121,23.136384,(020)81096287,cater,http://api.map.baidu.com/place/detail?uid=b0d056f2a994c567cbc3dbfa&output=html&source=placeapi_v2,13.0,11:00-24:00,4.1,,,,,,,,200,,,,,,,113.25917381756,23.136311938102,0
e8b2ae69a46780f4077ce80c,奈斯烘焙,美食,蛋糕甜品店,广东省,广州市,越秀区,广东广州市越秀区解放北路865号,e8b2ae69a46780f4077ce80c,1,0,113.268024,23.143256,,cater,http://api.map.baidu.com/place/detail?uid=e8b2ae69a46780f4077ce80c&output=html&source=placeapi_v2,,08:00-23:00,3.5,,,,,,,,,,,,,,,113.26816132825,23.14330435277,0
7bfa08fc2cc23b6624d2bb9f,长乐饼屋(西村店),美食,蛋糕甜品店,广东省,广州市,荔湾区,广东省广州市荔湾区西湾东路3号自编之四铺(西村区二医院斜对面),7bfa08fc2cc23b6624d2bb9f,1,0,113.249534,23.146967,(020)81994316,cater,http://api.map.baidu.com/place/detail?uid=7bfa08fc2cc23b6624d2bb9f&output=html&source=placeapi_v2,8.0,05:30-23:00,3.8,,,,,,,,1,,,,,,,113.24967309774,23.146909130864,0
f6e242e7126e4aedf8f0cb36,雪贝尔艺术蛋糕坊(环市西店),美食,蛋糕甜品店,广东省,广州市,荔湾区,广州市荔湾区环市西路35号之30号首层(环市西路公交站旁),f6e242e7126e4aedf8f0cb36,1,0,113.246814,23.147516,"(020)36580032,(020)81987885",cater,http://api.map.baidu.com/place/detail?uid=f6e242e7126e4aedf8f0cb36&output=html&source=placeapi_v2,16.0,07:00-22:00,3.8,,,,,,,,,,,,,,,113.2468392421,23.147357179993,0
707704fabcb702c361685896,德美思蛋糕(越秀二店),美食,蛋糕甜品店,广东省,广州市,越秀区,广州市越秀区人民北路829-831号三层90房,707704fabcb702c361685896,1,0,113.260846,23.135398,18126798705,cater,http://api.map.baidu.com/place/detail?uid=707704fabcb702c361685896&output=html&source=placeapi_v2,,00:00-24:00,3.5,,,,,,,,3,,,,,,,,,0
a2fd4fd774b9f5493904b14f,新宇宙饼屋,美食,蛋糕甜品店,广东省,广州市,越秀区,广东省广州市越秀区解放北路822号,a2fd4fd774b9f5493904b14f,1,0,113.268536,23.138535,13710995984,cater,http://api.map.baidu.com/place/detail?uid=a2fd4fd774b9f5493904b14f&output=html&source=placeapi_v2,20.0,07:00-22:30,3.5,,,,,,,,0,,,,,,,113.26839981848,23.138550340091,0
c879fa01858c2553c909f03d,利口福(盘福店),美食,蛋糕甜品店,广东省,广州市,越秀区,广东省广州市越秀区盘福路朱紫后街1号之4号,c879fa01858c2553c909f03d,1,0,113.265768,23.141831,(020)81965002,cater,http://api.map.baidu.com/place/detail?uid=c879fa01858c2553c909f03d&output=html&source=placeapi_v2,26.0,07:00-22:00,3.8,,,,,,,,5,,,,,,,113.26575171625,23.141760282546,0
9d27be834d533672c9c3db82,提拉米苏旗舰店(广园店),美食,蛋糕甜品店,广东省,广州市,越秀区,广东省广州市越秀区广园西路41号之3号,9d27be834d533672c9c3db82,1,0,113.25596,23.156674,(020)86532956,cater,http://api.map.baidu.com/place/detail?uid=9d27be834d533672c9c3db82&output=html&source=placeapi_v2,15.0,06:00-23:30,3.9,,,,,,,,0,,,,,,,113.25608682032,23.156678536449,0
eef2d5289dff26be3ae4a6f6,雪贝尔艺术蛋糕坊(三元里店),美食,蛋糕甜品店,广东省,广州市,白云区,广东省广州市白云区机场路19号,eef2d5289dff26be3ae4a6f6,1,0,113.269672,23.162494,(020)86575658,cater,http://api.map.baidu.com/place/detail?uid=eef2d5289dff26be3ae4a6f6&output=html&source=placeapi_v2,27.0,07:00-22:00,3.5,,,,,,,,42,,,,,,,113.26987717981,23.162514707898,0
69ab04021e6340a18bfc06aa,黄振龙凉茶(盘福大街店),美食,蛋糕甜品店,广东省,广州市,越秀区,广东省广州市越秀区盘福路朱紫后街2号102房,69ab04021e6340a18bfc06aa,1,0,113.265453,23.141873,,cater,http://api.map.baidu.com/place/detail?uid=69ab04021e6340a18bfc06aa&output=html&source=placeapi_v2,8.0,10:00-22:00,3.7,,,,,,,,1,,,,,,,113.26544404571,23.141811612402,0
3db1f092d15c55881ce999ca,美心西饼(交易广场店),美食,蛋糕甜品店,广东省,广州市,越秀区,广东省广州市越秀区东风中路268号交易广场1楼111a号铺,3db1f092d15c55881ce999ca,1,0,113.269599,23.13741,(020)83705390,cater,http://api.map.baidu.com/place/detail?uid=3db1f092d15c55881ce999ca&output=html&source=placeapi_v2,53.0,07:30-21:00,3.7,,,,,,,,35,,,,,,,113.26949662346,23.137707686194,0
413b14ad97fe62483f9a5eed,津嘉蛋糕坊(西华路店),美食,蛋糕甜品店,广东省,广州市,荔湾区,广东省广州市荔湾区西华路276号首层(82中学对面),413b14ad97fe62483f9a5eed,1,0,113.255274,23.137145,(020)81072449,cater,http://api.map.baidu.com/place/detail?uid=413b14ad97fe62483f9a5eed&output=html&source=placeapi_v2,9.0,06:00-23:00,3.7,,,,,,,,4,,,,,,,,,0
dadec599f3488cf0ddee8bee,美心西饼(西门口地铁分店),美食,蛋糕甜品店,广东省,广州市,越秀区,广东省广州市越秀区人民北路829~831号捷泰广场9楼,dadec599f3488cf0ddee8bee,1,0,113.262629,23.131572,(020)81041083,cater,http://api.map.baidu.com/place/detail?uid=dadec599f3488cf0ddee8bee&output=html&source=placeapi_v2,34.0,07:30-21:00,3.9,,,,,,,,1,,,,,,,,,0
4b5de91f8e38aa2c3904b112,百穗西点(中山六店),美食,蛋糕甜品店,广东省,广州市,越秀区,广东省广州市越秀区中山六路27号首层,4b5de91f8e38aa2c3904b112,1,0,113.262506,23.131059,18529139111,cater,http://api.map.baidu.com/place/detail?uid=4b5de91f8e38aa2c3904b112&output=html&source=placeapi_v2,17.0,08:00-22:00,4.1,,,,,,,,2,,,,,,,113.26236854139,23.131087081586,0
fa01e93718bc0253764ff1b2,美心西饼(富邦店),美食,蛋糕甜品店,广东省,广州市,荔湾区,广东省广州市荔湾区中山七路51-69号富邦中心1层102a,fa01e93718bc0253764ff1b2,1,0,113.259219,23.131243,(020)31029209,cater,http://api.map.baidu.com/place/detail?uid=fa01e93718bc0253764ff1b2&output=html&source=placeapi_v2,50.0,07:30-21:00,3.6,,,,,,,,4,,,,,,,113.25923144116,23.131395395541,0
837c06350bf614fa223bf204,金万顺西饼(龙津金莎店),美食,蛋糕甜品店,广东省,广州市,荔湾区,广东省广州市荔湾区西湾东路3号,837c06350bf614fa223bf204,1,0,113.249526,23.147187,13560002810,cater,http://api.map.baidu.com/place/detail?uid=837c06350bf614fa223bf204&output=html&source=placeapi_v2,15.0,06:30-22:00,4.3,,,,,,,,12,,,,,,,,,0
47ca1196cfa6a6aef82213da,美心西饼(小北路店),美食,蛋糕甜品店,广东省,广州市,越秀区,广东省广州市越秀区小北路212号101铺,47ca1196cfa6a6aef82213da,1,0,113.279544,23.143467,(020)83514457,cater,http://api.map.baidu.com/place/detail?uid=47ca1196cfa6a6aef82213da&output=html&source=placeapi_v2,50.0,07:30-22:00,3.8,,,,,,,,0,,,,,,,113.27946884228,23.143594274185,0
669775d024dd6c42fd0eb031,利口福(百灵店),美食,蛋糕甜品店,广东省,广州市,越秀区,广东省广州市越秀区广州市越秀区百灵路18号首层商铺,669775d024dd6c42fd0eb031,1,0,113.265356,23.136998,(020)83335408,cater,http://api.map.baidu.com/place/detail?uid=669775d024dd6c42fd0eb031&output=html&source=placeapi_v2,23.0,07:00-22:00,3.8,,,,,,,,2,,,,,,,113.26538831394,23.136915303227,0
2b02e22caccd885dd92f2809,佳麦西饼(三元里店),美食,蛋糕甜品店,广东省,广州市,白云区,广东省广州市白云区三元里抗英大街31号三元里牌坊(广州中央海航酒店写字楼A座西北),2b02e22caccd885dd92f2809,1,0,113.268137,23.162988,(020)86388821,cater,http://api.map.baidu.com/place/detail?uid=2b02e22caccd885dd92f2809&output=html&source=placeapi_v2,60.0,06:00-18:00,3.0,,,,,,,,0,,,,,,,113.26831185281,23.16301994252,0
b80f7a5b6c17cc2cf8dc85e1,欧风麦甜(西华路店),美食,蛋糕甜品店,广东省,广州市,越秀区,越秀区西华路529号,b80f7a5b6c17cc2cf8dc85e1,1,0,113.259964,23.135138,18925066570,cater,http://api.map.baidu.com/place/detail?uid=b80f7a5b6c17cc2cf8dc85e1&output=html&source=placeapi_v2,13.0,06:00-23:00,3.5,,,,,,,,1,,,,,,,113.25996366615,23.135137822787,0
86a12bdb7d1c7017b9df8fe3,美心西饼(公园前地铁站I2出口店),美食,蛋糕甜品店,广东省,广州市,越秀区,广州市越秀区中山五路219号动漫星城公园前地铁站I2出口,86a12bdb7d1c7017b9df8fe3,1,0,113.269194,23.131767,(020)83511260,cater,http://api.map.baidu.com/place/detail?uid=86a12bdb7d1c7017b9df8fe3&output=html&source=placeapi_v2,30.0,07:30-21:00,3.9,,,,,,,,1,,,,,,,113.26924686129,23.131640084045,0
7c8ebc7f727987ac4bcc4a57,盛佳西饼,美食,蛋糕甜品店,广东省,广州市,越秀区,广东省广州市越秀区光孝路74号,7c8ebc7f727987ac4bcc4a57,1,0,113.262648,23.132917,13430325261,cater,http://api.map.baidu.com/place/detail?uid=7c8ebc7f727987ac4bcc4a57&output=html&source=placeapi_v2,10.0,06:30-22:00,3.7,,,,,,,,0,,,,,,,113.26253482942,23.132941095795,0
56c76aec4b5aaec878f7963e,利口福(西华店),美食,蛋糕甜品店,广东省,广州市,荔湾区,广东省广州市荔湾区西华路418号金平大厦首层,56c76aec4b5aaec878f7963e,1,0,113.257653,23.13588,(020)81480609,cater,http://api.map.baidu.com/place/detail?uid=56c76aec4b5aaec878f7963e&output=html&source=placeapi_v2,22.0,07:00-22:00,4.0,,,,,,,,2,,,,,,,113.25774350229,23.1360301442,0
48bf463d472edaa840e192c9,贝克达人(人民北店),美食,蛋糕甜品店,广东省,广州市,荔湾区,广东省广州市荔湾区人民北路651号,48bf463d472edaa840e192c9,1,0,113.260843,23.131583,13642321635,cater,http://api.map.baidu.com/place/detail?uid=48bf463d472edaa840e192c9&output=html&source=placeapi_v2,9.0,06:30-23:30,3.6,,,,,,,,0,,,,,,,113.26096473781,23.131625434138,0
503d2d5285e5b73e86420e42,美心西饼(公园前地铁店),美食,蛋糕甜品店,广东省,广州市,越秀区,广东省广州市越秀区吉祥路1号动漫星城1层自编W1A004号铺,503d2d5285e5b73e86420e42,1,0,113.271273,23.132023,(020)83335884,cater,http://api.map.baidu.com/place/detail?uid=503d2d5285e5b73e86420e42&output=html&source=placeapi_v2,65.0,10:00-22:00,3.7,,,,,,,,7,,,,,,,,,0
bb808e90362e013ec9c3db35,赞记龙凤礼饼(骏兴美食店),美食,蛋糕甜品店,广东省,广州市,越秀区,广东省广州市越秀区中山六路49号,bb808e90362e013ec9c3db35,1,0,113.267471,23.131397,13316258917,cater,http://api.map.baidu.com/place/detail?uid=bb808e90362e013ec9c3db35&output=html&source=placeapi_v2,19.0,08:00-20:00,4.8,,,,,,,45,4,,,,,,,113.26747039298,23.131456597558,0
b93a403b4a813618e6073892,永春葱油饼,美食,蛋糕甜品店,广东省,广州市,荔湾区,广东省广州市荔湾区西华路182号,b93a403b4a813618e6073892,1,0,113.253132,23.138115,18316615277,cater,http://api.map.baidu.com/place/detail?uid=b93a403b4a813618e6073892&output=html&source=placeapi_v2,7.0,08:30-19:00,3.7,,,,,,,,9,,,,,,,113.25324714006,23.138066988722,0
d82d6697cecdbebfd418b79f,长乐饼屋(小北店),美食,蛋糕甜品店,广东省,广州市,越秀区,广东省广州市越秀区小北路87-1号,d82d6697cecdbebfd418b79f,1,0,113.277928,23.138829,(020)83557662,cater,http://api.map.baidu.com/place/detail?uid=d82d6697cecdbebfd418b79f&output=html&source=placeapi_v2,11.0,06:00-23:00,3.8,,,,,,,,5,,,,,,,,,0
e93761f64cf9bc15233bf2e9,利口福(桂花岗店),美食,蛋糕甜品店,广东省,广州市,白云区,广东省广州市白云区解放北路桂花路1号广州市金桂肉菜综合市场首层五,e93761f64cf9bc15233bf2e9,1,0,113.271169,23.156255,(020)86198409,cater,http://api.map.baidu.com/place/detail?uid=e93761f64cf9bc15233bf2e9&output=html&source=placeapi_v2,26.0,07:00-21:45,3.9,,,,,,,,11,,,,,,,113.2711600553,23.15613886451,0
4d124d329c2374576f476087,利口福(环市西苑店),美食,蛋糕甜品店,广东省,广州市,荔湾区,广东广州市荔湾区西村街道环市西路35号之首层之一之14号(地铁西村对面),4d124d329c2374576f476087,1,0,113.246076,23.147005,(020)81782985,cater,http://api.map.baidu.com/place/detail?uid=4d124d329c2374576f476087&output=html&source=placeapi_v2,23.0,07:00-21:30,3.7,,,,,,,,18,,,,,,,113.24611632804,23.146943778911,0
e7e8ae04bce544f3cafa5f26,香港圣安娜饼屋(广大路店),美食,蛋糕甜品店,广东省,广州市,越秀区,广东省广州市越秀区广大路37号之一(广大肉菜市场对面),e7e8ae04bce544f3cafa5f26,1,0,113.273828,23.133457,(020)83304899,cater,http://api.map.baidu.com/place/detail?uid=e7e8ae04bce544f3cafa5f26&output=html&source=placeapi_v2,15.0,07:00-22:00,3.8,,,,,,,,0,,,,,,,113.27397773066,23.133445895427,0
ebfed8a413bdb48b88db738a,雪贝尔(小北店),美食,蛋糕甜品店,广东省,广州市,越秀区,广东省广州市越秀区应元路155-6号,ebfed8a413bdb48b88db738a,1,0,113.277609,23.14148,(020)83546462,cater,http://api.map.baidu.com/place/detail?uid=ebfed8a413bdb48b88db738a&output=html&source=placeapi_v2,14.0,07:00-22:00,3.7,,,,,,,,20,,,,,,,113.27763190543,23.141380627473,0
6005251d3d8df5863b221c06,糖水世家(西门口店),美食,蛋糕甜品店,广东省,广州市,荔湾区,广东省广州市荔湾区光复北路芦荻街238号,6005251d3d8df5863b221c06,1,0,113.258353,23.13365,19927526747,cater,http://api.map.baidu.com/place/detail?uid=6005251d3d8df5863b221c06&output=html&source=placeapi_v2,10.0,11:00-23:00,3.9,,,,,,,2,0,,,,,,,,,0
69424659f8531ba8d618b72e,荣馨饼店,美食,蛋糕甜品店,广东省,广州市,越秀区,广东省广州市越秀区西华路423号,69424659f8531ba8d618b72e,1,0,113.257797,23.136124,(020)81095308,cater,http://api.map.baidu.com/place/detail?uid=69424659f8531ba8d618b72e&output=html&source=placeapi_v2,11.0,07:00-02:00,3.7,,,,,,,,38,,,,,,,113.25772589999,23.136035499744,0
8e7170206cdaea38fbf0cbe5,味乐园面包店,美食,蛋糕甜品店,广东省,广州市,荔湾区,广东省广州市荔湾区西湾东路3号首层,8e7170206cdaea38fbf0cbe5,1,0,113.249647,23.146989,15013004803,cater,http://api.map.baidu.com/place/detail?uid=8e7170206cdaea38fbf0cbe5&output=html&source=placeapi_v2,,06:30-22:30,3.7,,,,,,,,0,,,,,,,113.24967010908,23.146907771008,0
71e7a1b02a27fd62cb213d66,糊家糖水,美食,蛋糕甜品店,广东省,广州市,荔湾区,广东省广州市荔湾区和安街78号101房,71e7a1b02a27fd62cb213d66,1,0,113.257868,23.134534,15975502857,cater,http://api.map.baidu.com/place/detail?uid=71e7a1b02a27fd62cb213d66&output=html&source=placeapi_v2,,08:00-18:00,3.6,,,,,,,,0,,,,,,,,,0
28250650ff07d2f4c51b752b,欧凡麦甜(光复北路店),美食,蛋糕甜品店,广东省,广州市,荔湾区,广东省广州市荔湾区光复北路642号,28250650ff07d2f4c51b752b,1,0,113.25981,23.131583,13794308197,cater,http://api.map.baidu.com/place/detail?uid=28250650ff07d2f4c51b752b&output=html&source=placeapi_v2,11.0,06:30-22:00,3.5,,,,,,,,1,,,,,,,113.25972326702,23.1315903434,0
24cdac150988589c276e989e,化州糖水店(世康大街店),美食,蛋糕甜品店,广东省,广州市,白云区,广州市白云区世康大街23号,,1,0,113.266775,23.164461,13713655533,cater,http://api.map.baidu.com/place/detail?uid=24cdac150988589c276e989e&output=html&source=placeapi_v2,18.0,12:00-01:00,3.9,,,,,,,,8,,,,,,,,,0
f53035bd7de3562c4251c03e,新果味饮品专卖店(第五分店),美食,蛋糕甜品店,广东省,广州市,越秀区,广东广州市越秀区广园西路13号11档,f53035bd7de3562c4251c03e,1,0,113.255191,23.154573,13902295741,cater,http://api.map.baidu.com/place/detail?uid=f53035bd7de3562c4251c03e&output=html&source=placeapi_v2,16.0,09:30-23:30,0,,,,,,,1,0,,,,,,,113.2554169566,23.154649641556,0
1663547e730e5d708e772709,Happy cake生日蛋糕(小北店),美食,蛋糕甜品店,广东省,广州市,越秀区,越秀区小北路212号(十七中学旁),1663547e730e5d708e772709,1,0,113.279402,23.143362,,cater,http://api.map.baidu.com/place/detail?uid=1663547e730e5d708e772709&output=html&source=placeapi_v2,,09:00-22:00,3.6,,,,,,,,3,,,,,,,,,0
09e6473b8567c7ed471a3242,214CAKE TEA,美食,蛋糕甜品店,广东省,广州市,越秀区,广东省广州市越秀区司马街18号102房,,1,0,113.258424,23.136199,15915925062,cater,http://api.map.baidu.com/place/detail?uid=09e6473b8567c7ed471a3242&output=html&source=placeapi_v2,22.0,11:00-19:30,4.1,,,,,,,,,,,,,,,,,0
dc58e718c25f28d8c16c146e,金杏莱西饼(西增路店),美食,蛋糕甜品店,广东省,广州市,荔湾区,广州市荔湾区西村西增路20号1号铺,dc58e718c25f28d8c16c146e,1,0,113.246998,23.148554,"(020)26283872,(020)81057021",cater,http://api.map.baidu.com/place/detail?uid=dc58e718c25f28d8c16c146e&output=html&source=placeapi_v2,6.0,10:00-22:00,3.4,,,,,,,,59,,,,,,,113.2469315906,23.148502611902,0
61f634f6fdb3e9616a49f3f5,美嘉乐西饼蛋糕,美食,蛋糕甜品店,广东省,广州市,越秀区,广东省广州市越秀区广园西路47号,61f634f6fdb3e9616a49f3f5,1,0,113.256093,23.157335,18988824778,cater,http://api.map.baidu.com/place/detail?uid=61f634f6fdb3e9616a49f3f5&output=html&source=placeapi_v2,,,3.5,,,,,,,,1,,,,,,,113.25623429783,23.157271655615,0
fc1aa6c6817656402efaa767,欧风麦甜(中山六店),美食,蛋糕甜品店,广东省,广州市,越秀区,广东省广州市越秀区中山六路158号,fc1aa6c6817656402efaa767,1,0,113.263875,23.131439,13794308197,cater,http://api.map.baidu.com/place/detail?uid=fc1aa6c6817656402efaa767&output=html&source=placeapi_v2,10.0,06:00-22:30,3.4,,,,,,,21,0,,,,,,,113.26387461885,23.131338814594,0
89406ae4fc14d9d7b75f1ef9,鲜果味(站西店),美食,蛋糕甜品店,广东省,广州市,越秀区,广东广州市越秀区站西路47号自编首层03档,89406ae4fc14d9d7b75f1ef9,1,0,113.256946,23.154519,13828491412,cater,http://api.map.baidu.com/place/detail?uid=89406ae4fc14d9d7b75f1ef9&output=html&source=placeapi_v2,18.0,09:30-21:30,3.6,,,,,,,,0,,,,,,,113.25661235959,23.154211109642,0
c42e45fe2245efb7921fc9bb,老香港手工蛋糕(西场店),美食,蛋糕甜品店,广东省,广州市,荔湾区,广东省广州市荔湾区东风西路109号103之二,c42e45fe2245efb7921fc9bb,1,0,113.243067,23.143871,15920340680,cater,http://api.map.baidu.com/place/detail?uid=c42e45fe2245efb7921fc9bb&output=html&source=placeapi_v2,,08:30-22:30,3.8,,,,,,,,,,,,,,,113.24301165125,23.143722405145,0
27218e695f5f17c428b97c84,状元甜品屋,美食,蛋糕甜品店,广东省,广州市,越秀区,广州市越秀区解放北路桂花岗小区,27218e695f5f17c428b97c84,1,0,113.269055,23.154758,,cater,http://api.map.baidu.com/place/detail?uid=27218e695f5f17c428b97c84&output=html&source=placeapi_v2,,,,,,,,,,,,,,,,,,,,0
ce96f5d53b9e8e1288db7315,嘉乐蛋挞王(百灵路店),美食,蛋糕甜品店,广东省,广州市,越秀区,广东省广州市越秀区百灵路25号,ce96f5d53b9e8e1288db7315,1,0,113.267819,23.136938,"13332872928,18925120684",cater,http://api.map.baidu.com/place/detail?uid=ce96f5d53b9e8e1288db7315&output=html&source=placeapi_v2,11.0,07:00-22:00,3.4,,,,,,,,0,,,,,,,113.26789648623,23.13703179547,0
ff05c7b82e43d4063617dc2e,麦园饼屋,美食,蛋糕甜品店,广东省,广州市,荔湾区,广东省广州市荔湾区西湾路97号6楼,ff05c7b82e43d4063617dc2e,1,0,113.24894,23.150625,13825134424,cater,http://api.map.baidu.com/place/detail?uid=ff05c7b82e43d4063617dc2e&output=html&source=placeapi_v2,,06:30-22:30,3.6,,,,,,,,,,,,,,,,,0
a3b97b66b83807285e0d02b4,司乎日式鲜吐司(广州悦汇城店),美食,蛋糕甜品店,广东省,广州市,荔湾区,广东广州市荔湾区西湾路150号悦汇城b1层b1032铺,,1,0,113.249553,23.15536,18927511795,cater,http://api.map.baidu.com/place/detail?uid=a3b97b66b83807285e0d02b4&output=html&source=placeapi_v2,23.0,10:00-22:00,3.8,,,,,,,,,,,,,,,,,0
9afd0ded681880437ec876d2,肉老板喜作蛋糕,美食,蛋糕甜品店,广东省,广州市,荔湾区,广东省广州市荔湾区广雅路76号柏雅公寓2楼1207室,,1,0,113.250423,23.145089,16624698535,cater,http://api.map.baidu.com/place/detail?uid=9afd0ded681880437ec876d2&output=html&source=placeapi_v2,,11:30-19:00,,,,,,,,,,,,,,,,113.25050834131,23.145163871467,0
813d7e7200f9d33cb8bd63c8,米兜DIY烘焙坊,美食,蛋糕甜品店,广东省,广州市,白云区,三元里村长塘大街3号之一,,1,0,113.268023,23.163244,13450362319,cater,http://api.map.baidu.com/place/detail?uid=813d7e7200f9d33cb8bd63c8&output=html&source=placeapi_v2,,10:00-21:00,3.6,,,,,,,,1,,,,,,,113.26830676032,23.163259002219,0
2e745de7c1d911c249fc8d0d,鲜芋仙(西门口店),美食,蛋糕甜品店,广东省,广州市,越秀区,广东省广州市越秀区纸行路150号,2e745de7c1d911c249fc8d0d,1,0,113.262404,23.130945,(020)81380807,cater,http://api.map.baidu.com/place/detail?uid=2e745de7c1d911c249fc8d0d&output=html&source=placeapi_v2,26.0,10:00-23:00,4.1,,,,,,,,13,,,,,,,,,0
0ac5cfedce50bb14901fc953,煌家古早味手工芝士蛋糕,美食,蛋糕甜品店,广东省,广州市,越秀区,广东省广州市越秀区西华路441号,0ac5cfedce50bb14901fc953,1,0,113.258183,23.135838,13970155697,cater,http://api.map.baidu.com/place/detail?uid=0ac5cfedce50bb14901fc953&output=html&source=placeapi_v2,,09:30-23:00,3.6,,,,,,,,,,,,,,,113.25812110681,23.135761193028,0
9614a59890f9810342ab9aa7,大班美食店,美食,蛋糕甜品店,广东省,广州市,荔湾区,广东省广州市荔湾区广雅路35号首层自编之四,9614a59890f9810342ab9aa7,1,0,113.24928,23.144012,13610026892,cater,http://api.map.baidu.com/place/detail?uid=9614a59890f9810342ab9aa7&output=html&source=placeapi_v2,20.0,06:30-19:00,4.1,,,,,,,,3,,,,,,,113.24937973452,23.14402360126,0
d876c2151f8c4f71c2f1cf68,雨田家蛋糕,美食,蛋糕甜品店,广东省,广州市,荔湾区,广东省广州市荔湾区西湾路103之1-12号首层第12档,d876c2151f8c4f71c2f1cf68,1,0,113.248731,23.151246,13631364524,cater,http://api.map.baidu.com/place/detail?uid=d876c2151f8c4f71c2f1cf68&output=html&source=placeapi_v2,,09:00-21:00,3.5,,,,,,,,,,,,,,,113.24906099866,23.151077008623,0
24d055084b2828b612882457,麦奇香(应元路店),美食,蛋糕甜品店,广东省,广州市,越秀区,广东省广州市越秀区小北路218号,24d055084b2828b612882457,1,0,113.277332,23.141477,(020)83567607,life,http://api.map.baidu.com/place/detail?uid=24d055084b2828b612882457&output=html&source=placeapi_v2,,07:00-23:00,3.4,,,,,,,19,24,,,,,,,113.27735236353,23.141377381926,0
93fa2374b53bfee352e5c509,黎恩凉茶(西村店),美食,蛋糕甜品店,广东省,广州市,荔湾区,广东省广州市荔湾区西湾东一街3号,93fa2374b53bfee352e5c509,1,0,113.249167,23.146748,13726731822,cater,http://api.map.baidu.com/place/detail?uid=93fa2374b53bfee352e5c509&output=html&source=placeapi_v2,12.0,10:00-23:00,3.7,,,,,,,,1,,,,,,,113.24924460871,23.146642626983,0
88a179abca4d2f78e31103d7,麦语家园(三元里店),美食,蛋糕甜品店,广东省,广州市,白云区,广东省广州市白云区世康大街96号,88a179abca4d2f78e31103d7,1,0,113.264,23.164239,(020)86557785,cater,http://api.map.baidu.com/place/detail?uid=88a179abca4d2f78e31103d7&output=html&source=placeapi_v2,15.0,06:00-24:00,3.4,,,,,,,,1,,,,,,,113.26399732814,23.164201324688,0
15e2fa6e720eaed0744ff106,悦美烘焙,美食,蛋糕甜品店,广东省,广州市,越秀区,广东省广州市越秀区小北路洪桥街41号,,1,0,113.276163,23.140349,13560001689,cater,http://api.map.baidu.com/place/detail?uid=15e2fa6e720eaed0744ff106&output=html&source=placeapi_v2,,07:00-19:00,3.8,,,,,,,,,,,,,,,,,0
54df45cedab538c558f6bee9,乐享烘焙西饼店,美食,蛋糕甜品店,广东省,广州市,荔湾区,广东省广州市荔湾区金花街15号,54df45cedab538c558f6bee9,1,0,113.256291,23.133832,13640608602,cater,http://api.map.baidu.com/place/detail?uid=54df45cedab538c558f6bee9&output=html&source=placeapi_v2,,08:00-18:00,3.4,,,,,,,,0,,,,,,,113.25625452048,23.133981671713,0
0a4c884eb096a84efbdc8575,DQ冰淇淋(悦汇城店),美食,蛋糕甜品店,广东省,广州市,荔湾区,广东省广州市荔湾区西湾路150号悦汇城B1,0a4c884eb096a84efbdc8575,1,0,113.24924,23.155503,(020)81677693,cater,http://api.map.baidu.com/place/detail?uid=0a4c884eb096a84efbdc8575&output=html&source=placeapi_v2,28.0,10:00-22:00,4.4,,,,,,,,,,,,,,,,,0
7a042e2c7919c2a054bfffcd,黄振龙凉茶(中山六店),美食,蛋糕甜品店,广东省,广州市,越秀区,广东省广州市越秀区中山六路237号,7a042e2c7919c2a054bfffcd,1,0,113.2633,23.131098,(020)81301480,cater,http://api.map.baidu.com/place/detail?uid=7a042e2c7919c2a054bfffcd&output=html&source=placeapi_v2,10.0,08:30-23:00,3.5,,,,,,,,22,,,,,,,,,0
4941feca0eb44676fda7788f,觅甜DIY手作工坊,美食,蛋糕甜品店,广东省,广州市,越秀区,广东省广州市越秀区惠吉西一坊2号之2楼,4941feca0eb44676fda7788f,1,0,113.265467,23.131752,18665655770,cater,http://api.map.baidu.com/place/detail?uid=4941feca0eb44676fda7788f&output=html&source=placeapi_v2,101.0,10:00-21:00,4.3,,,,,,,,,,,,,,,113.26547201086,23.131409153059,0
c0cdb353149c1c4b1b94c636,利口福(法政店),美食,蛋糕甜品店,广东省,广州市,越秀区,广东省广州市越秀区法政路60号,c0cdb353149c1c4b1b94c636,1,0,113.278406,23.138686,(020)83548527,cater,http://api.map.baidu.com/place/detail?uid=c0cdb353149c1c4b1b94c636&output=html&source=placeapi_v2,37.0,07:00-21:30,3.9,,,,,,,,4,,,,,,,113.27841245027,23.138563440532,0
c3e8cf4d1d5566307f29bd13,澜之轩蛋糕坊,美食,蛋糕甜品店,广东省,广州市,越秀区,向阳大街三元里向阳十一巷,c3e8cf4d1d5566307f29bd13,1,0,113.256855,23.164478,13434136828,cater,http://api.map.baidu.com/place/detail?uid=c3e8cf4d1d5566307f29bd13&output=html&source=placeapi_v2,,00:00-24:00,4.6,,,,,,,,7,,,,,,,,,0
f9fd6062500102060f0e6bff,利口福(陈家祠店),美食,蛋糕甜品店,广东省,广州市,荔湾区,广东省广州市荔湾区广州市荔湾路陈家祠道具48号自编1栋首层,f9fd6062500102060f0e6bff,1,0,113.250266,23.133154,(020)81229705,cater,http://api.map.baidu.com/place/detail?uid=f9fd6062500102060f0e6bff&output=html&source=placeapi_v2,32.0,07:00-21:00,4.0,,,,,,,,9,,,,,,,113.25015238416,23.133038892775,0
63f23adef51bbcf29f09f734,雅贝丽烘焙工坊,美食,蛋糕甜品店,广东省,广州市,白云区,广东省广州市白云区群英大街2号,63f23adef51bbcf29f09f734,1,0,113.267667,23.161657,13640800416,cater,http://api.map.baidu.com/place/detail?uid=63f23adef51bbcf29f09f734&output=html&source=placeapi_v2,,,3.5,,,,,,,,,,,,,,,,,0
cc5540f64059f008cae33c52,普盈士王子拉茶(小梅店),美食,蛋糕甜品店,广东省,广州市,荔湾区,广东省广州市荔湾区小梅大街17号,cc5540f64059f008cae33c52,1,0,113.253319,23.136898,15920161810,cater,http://api.map.baidu.com/place/detail?uid=cc5540f64059f008cae33c52&output=html&source=placeapi_v2,18.0,09:30-24:00,4.4,,,,,,,,53,,,,,,,113.25326011429,23.136862794211,0
a595e4b756a2a6a73110afe5,金信甜品,美食,蛋糕甜品店,广东省,广州市,白云区,广东省广州市白云区抗英大街21号,a595e4b756a2a6a73110afe5,1,0,113.268067,23.162112,13679781168,cater,http://api.map.baidu.com/place/detail?uid=a595e4b756a2a6a73110afe5&output=html&source=placeapi_v2,8.0,08:00-24:00,3.5,,,,,,,1,0,,,,,,,113.26809188474,23.162018320414,0
4370c91ab568f7b8157643e8,伊曼烘焙进口食品,美食,蛋糕甜品店,广东省,广州市,越秀区,环市中路300-7号,4370c91ab568f7b8157643e8,1,0,113.280753,23.145741,,cater,http://api.map.baidu.com/place/detail?uid=4370c91ab568f7b8157643e8&output=html&source=placeapi_v2,,,4.5,,,,,,,,,,,,,,,,,0
ee182aa72701ab4e4657269f,长乐饼屋(广卫路店),美食,蛋糕甜品店,广东省,广州市,越秀区,广东省广州市越秀区广卫路21号,ee182aa72701ab4e4657269f,1,0,113.272837,23.13349,"(020)86200060,18126765407",cater,http://api.map.baidu.com/place/detail?uid=ee182aa72701ab4e4657269f&output=html&source=placeapi_v2,11.0,07:00-21:30,3.5,,,,,,,,,,,,,,,113.27283318883,23.133628420545,0
3a87693b3cb91d3703ec015a,化州糖水(三元里大街店),美食,蛋糕甜品店,广东省,广州市,越秀区,三元里大街60号,,1,0,113.266688,23.161505,,cater,http://api.map.baidu.com/place/detail?uid=3a87693b3cb91d3703ec015a&output=html&source=placeapi_v2,,,,,,,,,,,,,,,,,,,,0
73123b9a3407b009b54f54d5,泸溪河桃酥(中山六路店),美食,蛋糕甜品店,广东省,广州市,越秀区,广东省广州市越秀区中山六路65~67号,73123b9a3407b009b54f54d5,1,0,113.267042,23.131373,13542996594,cater,http://api.map.baidu.com/place/detail?uid=73123b9a3407b009b54f54d5&output=html&source=placeapi_v2,26.0,08:00-22:00,3.6,,,,,,,,1,,,,,,,113.26703255348,23.131435496927,0
1a7b3dd7df0b87a93686f4d4,星奇异千层蛋糕(动漫星城A店),美食,蛋糕甜品店,广东省,广州市,越秀区,广东广州市越秀区地1号动漫星b1楼,1a7b3dd7df0b87a93686f4d4,1,0,113.270946,23.131992,13539406152,cater,http://api.map.baidu.com/place/detail?uid=1a7b3dd7df0b87a93686f4d4&output=html&source=placeapi_v2,25.0,10:00-21:30,0,,,,,,,,0,,,,,,,,,0
376df4e1b0304cfdb35c6a08,老香港手工蛋糕,美食,蛋糕甜品店,广东省,广州市,越秀区,广东省广州市越秀区小北路139-2号,376df4e1b0304cfdb35c6a08,1,0,113.277993,23.140515,15295603389,cater,http://api.map.baidu.com/place/detail?uid=376df4e1b0304cfdb35c6a08&output=html&source=placeapi_v2,16.0,09:00-21:00,0,,,,,,,,0,,,,,,,113.2780102241,23.140535172279,0
cb2ee805f4e1433cd81318d5,名湖坊甜品,美食,蛋糕甜品店,广东省,广州市,荔湾区,广州市荔湾区康王北路荔康大厦北侧,cb2ee805f4e1433cd81318d5,1,0,113.254321,23.134708,,cater,http://api.map.baidu.com/place/detail?uid=cb2ee805f4e1433cd81318d5&output=html&source=placeapi_v2,,,,,,,,,,,,,,,,,,,,0
4bdb1d699ba0a60a3310af16,旺源驼奶(康王中路店),美食,蛋糕甜品店,广东省,广州市,荔湾区,广东省广州市荔湾区人民中路441号a13号,4bdb1d699ba0a60a3310af16,1,0,113.25437,23.131434,13826267966,life,http://api.map.baidu.com/place/detail?uid=4bdb1d699ba0a60a3310af16&output=html&source=placeapi_v2,,10:00-21:00,5,,,,,,,13,1,,,,,,,113.25430082817,23.131663173191,0
c300657a126670354f6d4681,甜品小筑(温州水头广州分店),美食,蛋糕甜品店,广东省,广州市,白云区,广东省广州市白云区群英大街13号1041,,1,0,113.269061,23.162035,,cater,http://api.map.baidu.com/place/detail?uid=c300657a126670354f6d4681&output=html&source=placeapi_v2,,,,,,,,,,,,,,,,,,113.26903863048,23.161902174094,0
bc8e422add022e73ab059d40,萌茶茶(柏德来店),美食,蛋糕甜品店,广东省,广州市,荔湾区,康王·柏德来商业城负1层7区7828铺,bc8e422add022e73ab059d40,1,0,113.253641,23.132256,13423600230,cater,http://api.map.baidu.com/place/detail?uid=bc8e422add022e73ab059d40&output=html&source=placeapi_v2,19.0,10:00-20:30,3.5,,,,,,,,11,,,,,,,113.25389506267,23.132285060928,0
a4a71c462507c8902efaa7a8,尧记,美食,蛋糕甜品店,广东省,广州市,荔湾区,广东广州市荔湾区康王北路紫贵坊13号,a4a71c462507c8902efaa7a8,1,0,113.2556,23.133089,(020)81304683,cater,http://api.map.baidu.com/place/detail?uid=a4a71c462507c8902efaa7a8&output=html&source=placeapi_v2,5.0,10:00-24:00,3.7,,,,,,,,2,,,,,,,,,0
bb1d38e4e187c74d0c0a7030,皇品蛋糕名店(淘金店),美食,蛋糕甜品店,广东省,广州市,越秀区,广东省广州市越秀区淘金路150号淘金农贸市场首层柒号档,bb1d38e4e187c74d0c0a7030,1,0,113.296968,23.146904,13925026639,cater,http://api.map.baidu.com/place/detail?uid=bb1d38e4e187c74d0c0a7030&output=html&source=placeapi_v2,10.0,06:00-23:00,3.5,,,,,,,,2,,,,,,,113.29696429518,23.147006038522,0
d347daf4ca7a97990ab93af9,玛迪奥(区庄店),美食,蛋糕甜品店,广东省,广州市,越秀区,广州市越秀区永泰西约穗丰大厦东侧,d347daf4ca7a97990ab93af9,1,0,113.300963,23.143221,(020)87351505,cater,http://api.map.baidu.com/place/detail?uid=d347daf4ca7a97990ab93af9&output=html&source=placeapi_v2,,09:00-21:00,4.4,,,,,,,1,8,,,,,,,,,0
2df1414ba8c2157e02897229,美心西饼(淘金店),美食,蛋糕甜品店,广东省,广州市,越秀区,广东省广州市越秀区淘金路淘金街6~8号,2df1414ba8c2157e02897229,1,0,113.294341,23.145885,(020)83491786,cater,http://api.map.baidu.com/place/detail?uid=2df1414ba8c2157e02897229&output=html&source=placeapi_v2,91.0,07:30-21:00,3.9,,,,,,,,5,,,,,,,113.2943644589,23.145802804584,0
0dd7c372d48ae92e631c6735,嘉鸿西饼(黄花岗店),美食,蛋糕甜品店,广东省,广州市,越秀区,广东省广州市越秀区先烈中路81号,0dd7c372d48ae92e631c6735,1,0,113.304389,23.146956,18620785520,cater,http://api.map.baidu.com/place/detail?uid=0dd7c372d48ae92e631c6735&output=html&source=placeapi_v2,20.0,,0,,,,,,,,0,,,,,,,,,0
1b699e871ccd9a54c6f50d9f,唯琳蛋糕名店,美食,蛋糕甜品店,广东省,广州市,越秀区,越秀区淘金路165号,1b699e871ccd9a54c6f50d9f,1,0,113.296483,23.146989,"13265990396,18520432393",cater,http://api.map.baidu.com/place/detail?uid=1b699e871ccd9a54c6f50d9f&output=html&source=placeapi_v2,,00:30-23:30,5.0,,,,,,,,6,,,,,,,,,0
d2ecf4ba5b977c48b42655ff,淘金蛋糕坊(淘金农贸市场店),美食,蛋糕甜品店,广东省,广州市,越秀区,华乐街道淘金路150号淘金农贸市场二楼54档,d2ecf4ba5b977c48b42655ff,1,0,113.2998,23.148544,,cater,http://api.map.baidu.com/place/detail?uid=d2ecf4ba5b977c48b42655ff&output=html&source=placeapi_v2,,10:00-23:00,,,,,,,,,,,,,,,,,,0
a366ea4fdbdba562b7265522,老香港蛋糕(区庄店),美食,蛋糕甜品店,广东省,广州市,越秀区,广东省广州市越秀区环市东路421号,a366ea4fdbdba562b7265522,1,0,113.301939,23.141092,18117133286,cater,http://api.map.baidu.com/place/detail?uid=a366ea4fdbdba562b7265522&output=html&source=placeapi_v2,11.0,08:00-21:00,3.5,,,,,,,,0,,,,,,,113.30122001304,23.141068546437,0
f73e758d453c528985420e87,花甜汇(淘金店),美食,蛋糕甜品店,广东省,广州市,越秀区,广东省广州市越秀区淘金路126号104铺,f73e758d453c528985420e87,1,0,113.294812,23.146045,(020)83576161,cater,http://api.map.baidu.com/place/detail?uid=f73e758d453c528985420e87&output=html&source=placeapi_v2,43.0,11:30-23:30,4.0,,,,,,,,4,,,,,,,113.29476601674,23.146128104261,0
0c6714d2e26d28f96d20b974,CoCo都可茶饮(淘金店),美食,蛋糕甜品店,广东省,广州市,越秀区,广东省广州市越秀区淘金路6~8号,0c6714d2e26d28f96d20b974,1,0,113.2944,23.146526,18302055625,cater,http://api.map.baidu.com/place/detail?uid=0c6714d2e26d28f96d20b974&output=html&source=placeapi_v2,15.0,10:30-22:30,4.4,,,,,,,,8,,,,,,,113.29453350473,23.146547824355,0
ecc017ed878ffac160180946,广隆蛋挞王(区庄店),美食,蛋糕甜品店,广东省,广州市,越秀区,广东省广州市越秀区环市东路421号王区庄3楼,ecc017ed878ffac160180946,1,0,113.301415,23.141142,15119889842,cater,http://api.map.baidu.com/place/detail?uid=ecc017ed878ffac160180946&output=html&source=placeapi_v2,10.0,06:30-23:00,4.0,,,,,,,,46,,,,,,,113.30139085278,23.141035889831,0
370595e1ca159bfea8175a5e,梦幻工房(淘金店),美食,蛋糕甜品店,广东省,广州市,越秀区,广东省广州市越秀区淘金北路65号首层自编4号,370595e1ca159bfea8175a5e,1,0,113.294191,23.14945,(020)83700786,cater,http://api.map.baidu.com/place/detail?uid=370595e1ca159bfea8175a5e&output=html&source=placeapi_v2,14.0,08:00-23:00,3.7,,,,,,,,0,,,,,,,113.29426922594,23.149469461806,0
1cfb5425be1c923dd2f49e00,麦缘面包蛋糕烘焙坊(横枝岗店),美食,蛋糕甜品店,广东省,广州市,越秀区,广东省广州市越秀区横枝岗40号之1号,1cfb5425be1c923dd2f49e00,1,0,113.292108,23.151771,13710971459,cater,http://api.map.baidu.com/place/detail?uid=1cfb5425be1c923dd2f49e00&output=html&source=placeapi_v2,,,3.4,,,,,,,,1,,,,,,,113.29212590583,23.151716927868,0
798e6cba36b27bb271210bcb,幸福西饼(沙河店),美食,蛋糕甜品店,广东省,广州市,天河区,广州市水荫一横路101号首层自编1号铺,798e6cba36b27bb271210bcb,1,0,113.313973,23.148032,(020)38837217,cater,http://api.map.baidu.com/place/detail?uid=798e6cba36b27bb271210bcb&output=html&source=placeapi_v2,69.0,08:00-21:00,0,,,,,,,,0,,,,,,,113.31388314824,23.148086551528,0
ffd6d4038efcf09616b54ba8,利口福(区庄店),美食,蛋糕甜品店,广东省,广州市,越秀区,广东省广州市越秀区农林下路85号,ffd6d4038efcf09616b54ba8,1,0,113.301699,23.141123,(020)37616146,cater,http://api.map.baidu.com/place/detail?uid=ffd6d4038efcf09616b54ba8&output=html&source=placeapi_v2,17.0,06:30-22:30,3.2,,,,,,,,31,,,,,,,113.30165339964,23.140976272229,0
d9c9500389bb65bfd22dd6d5,壹家烘焙,美食,蛋糕甜品店,广东省,广州市,越秀区,广东省广州市越秀区淘金路56号,d9c9500389bb65bfd22dd6d5,1,0,113.294598,23.144074,13538991452,cater,http://api.map.baidu.com/place/detail?uid=d9c9500389bb65bfd22dd6d5&output=html&source=placeapi_v2,51.0,,4.2,,,,,,,,2,,,,,,,113.29465407978,23.144133099996,0
eb30921f6ea6346597031900,新金城饼家(淘金北店),美食,蛋糕甜品店,广东省,广州市,越秀区,广东省广州市越秀区淘金北路65号首层自编之二(近恒福路),eb30921f6ea6346597031900,1,0,113.294154,23.149559,(020)83489675,cater,http://api.map.baidu.com/place/detail?uid=eb30921f6ea6346597031900&output=html&source=placeapi_v2,9.0,06:30-22:00,3.5,,,,,,,,21,,,,,,,,,0
550fd5f96d269160921fc990,永胜饼屋(建设三马路店),美食,蛋糕甜品店,广东省,广州市,越秀区,广东广州市越秀区建设三马路东三街1号1楼,550fd5f96d269160921fc990,1,0,113.289647,23.140072,18620287855,cater,http://api.map.baidu.com/place/detail?uid=550fd5f96d269160921fc990&output=html&source=placeapi_v2,5.0,06:00-19:00,3.6,,,,,,,,1,,,,,,,113.28974612295,23.140026069957,0
12a38a03a5d295e7b817e731,无声Cake(水荫路店),美食,蛋糕甜品店,广东省,广州市,越秀区,广东省广州市越秀区水荫路117号星光映景10号铺,12a38a03a5d295e7b817e731,1,0,113.318569,23.148269,,cater,http://api.map.baidu.com/place/detail?uid=12a38a03a5d295e7b817e731&output=html&source=placeapi_v2,24.0,07:30-22:00,4.3,,,,,,,,1,,,,,,,,,0
31cc1c8c43da1491abf729ec,面包新语(广州友谊商店环市东路店),美食,蛋糕甜品店,广东省,广州市,越秀区,广州市越秀区环市东路369号广州友谊商店F1,31cc1c8c43da1491abf729ec,1,0,113.293969,23.144003,(020)83578195,cater,http://api.map.baidu.com/place/detail?uid=31cc1c8c43da1491abf729ec&output=html&source=placeapi_v2,22.0,08:00-22:00,4.0,,,,,,,,31,,,,,,,113.29373145984,23.14367954649,0
50fb64fff87e6844e9f85318,皇后饼店(环市东店),美食,蛋糕甜品店,广东省,广州市,越秀区,广东省广州市越秀区环市路51~513号1楼自编103号铺(近地铁动物园站C出口),50fb64fff87e6844e9f85318,1,0,113.315334,23.140834,(020)37600190,cater,http://api.map.baidu.com/place/detail?uid=50fb64fff87e6844e9f85318&output=html&source=placeapi_v2,16.0,07:00-21:30,4.0,,,,,,,,5,,,,,,,,,0
1f5d0ac28a1938717369d327,利口福(麓苑店),美食,蛋糕甜品店,广东省,广州市,越秀区,广东省广州市越秀区麓苑路41-1号,1f5d0ac28a1938717369d327,1,0,113.291888,23.147692,,cater,http://api.map.baidu.com/place/detail?uid=1f5d0ac28a1938717369d327&output=html&source=placeapi_v2,27.0,07:00-22:00,0,,,,,,,,0,,,,,,,113.29186967676,23.147618249935,0
1fd280d7c5099a8abea2405c,怡园蛋糕(金贵村店),美食,蛋糕甜品店,广东省,广州市,越秀区,广东省广州市越秀区广园中路16号101铺,,1,0,113.304467,23.161137,(020)87072292,cater,http://api.map.baidu.com/place/detail?uid=1fd280d7c5099a8abea2405c&output=html&source=placeapi_v2,11.0,07:00-22:00,3.5,,,,,,,,3,,,,,,,113.3046048803,23.16104505611,0
884352596fd15db76c47601f,侧田家芝士蛋糕(嘉富店),美食,蛋糕甜品店,广东省,广州市,越秀区,广东省广州市越秀区水荫路73号110铺,884352596fd15db76c47601f,1,0,113.318582,23.146116,(020)37608608,cater,http://api.map.baidu.com/place/detail?uid=884352596fd15db76c47601f&output=html&source=placeapi_v2,34.0,06:30-22:30,3.6,,,,,,,,0,,,,,,,113.31869626646,23.146036738437,0
0b4a5e89bca07ba3cac3dbf0,COVA(丽柏广场店),美食,蛋糕甜品店,广东省,广州市,越秀区,广州市越秀区环市东路367号丽柏广场F1,0b4a5e89bca07ba3cac3dbf0,1,0,113.292639,23.144015,(020)83523008,cater,http://api.map.baidu.com/place/detail?uid=0b4a5e89bca07ba3cac3dbf0&output=html&source=placeapi_v2,132.0,10:00-22:00,4.2,,,,,,,,200,,,,,,,113.2931320592,23.143070693898,0
55fa2c0b5c5894341ce9991f,阳光麦语(水荫路店),美食,蛋糕甜品店,广东省,广州市,越秀区,广东省广州市越秀区水荫路34号,55fa2c0b5c5894341ce9991f,1,0,113.316145,23.142619,(020)37605644,cater,http://api.map.baidu.com/place/detail?uid=55fa2c0b5c5894341ce9991f&output=html&source=placeapi_v2,11.0,07:00-22:30,3.7,,,,,,,,2,,,,,,,113.31610355644,23.142656086281,0
93b7e3b2c3a58ab733169b76,长乐饼屋(东风东店),美食,蛋糕甜品店,广东省,广州市,越秀区,广东省广州市越秀区东风东路788号,93b7e3b2c3a58ab733169b76,1,0,113.31179,23.137679,(020)87619854,cater,http://api.map.baidu.com/place/detail?uid=93b7e3b2c3a58ab733169b76&output=html&source=placeapi_v2,34.0,07:00-21:30,3.6,,,,,,,,0,,,,,,,,,0
8e45c79018763faf9cec2bad,格兰西点(淘金店),美食,蛋糕甜品店,广东省,广州市,越秀区,广东省广州市越秀区环市东路362号好世界广场铺,8e45c79018763faf9cec2bad,1,0,113.29144,23.142616,13622806539,cater,http://api.map.baidu.com/place/detail?uid=8e45c79018763faf9cec2bad&output=html&source=placeapi_v2,33.0,10:00-21:00,3.6,,,,,,,,0,,,,,,,113.2915690139,23.142613086299,0
d146b38808ff56c7750269f5,东海堂(水荫路店),美食,蛋糕甜品店,广东省,广州市,越秀区,广东省广州市越秀区水荫路32-19号,d146b38808ff56c7750269f5,1,0,113.316104,23.142578,,cater,http://api.map.baidu.com/place/detail?uid=d146b38808ff56c7750269f5&output=html&source=placeapi_v2,53.0,07:00-22:00,4.3,,,,,,,,20,,,,,,,113.31606137022,23.142616404676,0
43cca8759e7d7d9317948e2d,一夫茶(水荫路店),美食,蛋糕甜品店,广东省,广州市,天河区,广东省广州市天河区永福正街2号,43cca8759e7d7d9317948e2d,1,0,113.313156,23.152411,(020)87089177,cater,http://api.map.baidu.com/place/detail?uid=43cca8759e7d7d9317948e2d&output=html&source=placeapi_v2,,06:00-22:00,0,,,,,,,,0,,,,,,,113.31308187409,23.152372367296,0
7934ce6f2503f33ac5f50d51,嘉鸿西饼(云鹤店),美食,蛋糕甜品店,广东省,广州市,越秀区,广东省广州市越秀区环市东路云鹤南街1号,7934ce6f2503f33ac5f50d51,1,0,113.312618,23.141315,(020)87678336,cater,http://api.map.baidu.com/place/detail?uid=7934ce6f2503f33ac5f50d51&output=html&source=placeapi_v2,20.0,06:30-22:00,0,,,,,,,,0,,,,,,,113.31262327117,23.141336116542,0
34c054179dfaf374ca09f07d,利口福(建设店),美食,蛋糕甜品店,广东省,广州市,越秀区,广东省广州市越秀区建设四马路1号,34c054179dfaf374ca09f07d,1,0,113.28987,23.139444,(020)83054165,cater,http://api.map.baidu.com/place/detail?uid=34c054179dfaf374ca09f07d&output=html&source=placeapi_v2,24.0,07:00-22:00,3.6,,,,,,,,1,,,,,,,113.28973381976,23.139446281334,0
fa835ce20d72c0afe912e4e9,利口福(水荫路店),美食,蛋糕甜品店,广东省,广州市,越秀区,广东省广州市越秀区水荫路68号,fa835ce20d72c0afe912e4e9,1,0,113.318732,23.145295,(020)37598401,cater,http://api.map.baidu.com/place/detail?uid=fa835ce20d72c0afe912e4e9&output=html&source=placeapi_v2,26.0,07:30-21:30,3.6,,,,,,,,5,,,,,,,113.31860883708,23.145301732446,0
fa7da3e8702f037b43d63e85,莲香楼(农林下路店),美食,蛋糕甜品店,广东省,广州市,越秀区,广东省广州市越秀区农林下路60号1楼,fa7da3e8702f037b43d63e85,1,0,113.30458,23.137002,15915715205,cater,http://api.map.baidu.com/place/detail?uid=fa7da3e8702f037b43d63e85&output=html&source=placeapi_v2,28.0,09:00-21:00,3.5,,,,,,,,29,,,,,,,113.30441478718,23.136831946913,0
ae5f217db10a40baf503b854,黄振龙凉茶(永福路店),美食,蛋糕甜品店,广东省,广州市,越秀区,广州市越秀区先烈东路348号,ae5f217db10a40baf503b854,1,0,113.307714,23.151819,(020)87250122,cater,http://api.map.baidu.com/place/detail?uid=ae5f217db10a40baf503b854&output=html&source=placeapi_v2,10.0,10:00-22:00,3.5,,,,,,,,2,,,,,,,113.30765600012,23.151815011466,0
d08ab4ee460bd292b6147f81,瑞幸咖啡(宜安广场店),美食,蛋糕甜品店,广东省,广州市,越秀区,广州市越秀区建设六马路33号宜安广场F1,d08ab4ee460bd292b6147f81,1,0,113.291146,23.140782,4000100100,cater,http://api.map.baidu.com/place/detail?uid=d08ab4ee460bd292b6147f81&output=html&source=placeapi_v2,18.0,07:30-20:30,3.9,,,,,,,,,,,,,,,113.29106335683,23.140355930158,0
0aceb3bd3b0e6185d3ff2336,美域高·法式创意生日蛋糕(越秀店),美食,蛋糕甜品店,广东省,广州市,越秀区,中山一路104、106号905房,0aceb3bd3b0e6185d3ff2336,1,0,113.302631,23.130741,,cater,http://api.map.baidu.com/place/detail?uid=0aceb3bd3b0e6185d3ff2336&output=html&source=placeapi_v2,193.0,08:00-22:00,4.5,,,,,,,,40,,,,,,,,,0
3421581aa74464cce856fa06,美鲜之语,美食,蛋糕甜品店,广东省,广州市,越秀区,广东省广州市越秀区水荫路28号17铺,3421581aa74464cce856fa06,1,0,113.315542,23.141907,18027269762,cater,http://api.map.baidu.com/place/detail?uid=3421581aa74464cce856fa06&output=html&source=placeapi_v2,,07:00-22:00,3.7,,,,,,,,,,,,,,,113.31545454059,23.141897757429,0
8de30892f514de9e7adbd2e6,怡园蛋糕(龙岗路店),美食,蛋糕甜品店,广东省,广州市,天河区,广东省广州市天河区龙岗路38号,8de30892f514de9e7adbd2e6,1,0,113.317907,23.155935,13066315888,cater,http://api.map.baidu.com/place/detail?uid=8de30892f514de9e7adbd2e6&output=html&source=placeapi_v2,,09:00-21:00,3.4,,,,,,,,,,,,,,,,,0
1cf5aff6eaa9bb08b13c810e,品味甜品店(沙河店),美食,蛋糕甜品店,广东省,广州市,天河区,广东省广州市天河区先烈东路206号105铺,1cf5aff6eaa9bb08b13c810e,1,0,113.314108,23.153738,13710810183,cater,http://api.map.baidu.com/place/detail?uid=1cf5aff6eaa9bb08b13c810e&output=html&source=placeapi_v2,12.0,"10:00-14:00,16:00-20:00",3.5,,,,,,,,1,,,,,,,113.31394994623,23.153759512811,0
4defa3421b5ffdf4eddfca4f,香麦饼屋(先烈东横路店),美食,蛋糕甜品店,广东省,广州市,天河区,广东省广州市天河区先烈东横路22号,4defa3421b5ffdf4eddfca4f,1,0,113.31231,23.156436,"(020)37391283,18024664414",cater,http://api.map.baidu.com/place/detail?uid=4defa3421b5ffdf4eddfca4f&output=html&source=placeapi_v2,10.0,06:30-22:30,3.6,,,,,,,,3,,,,,,,,,0
84e7ba48bd5322d0fd0eb0d4,CoCo都可茶饮(东山二店),美食,蛋糕甜品店,广东省,广州市,越秀区,广州市越秀区农林下路37号广百百货F1,84e7ba48bd5322d0fd0eb0d4,1,0,113.303684,23.135264,18819165476,cater,http://api.map.baidu.com/place/detail?uid=84e7ba48bd5322d0fd0eb0d4&output=html&source=placeapi_v2,14.0,10:00-21:40,4.0,,,,,,,,90,,,,,,,113.30331005286,23.135859026063,0
333ac3716897c0c3c6effb00,长乐饼屋(麓景店),美食,蛋糕甜品店,广东省,广州市,越秀区,鹿景路113号之二,333ac3716897c0c3c6effb00,1,0,113.284642,23.150514,(020)83598112,cater,http://api.map.baidu.com/place/detail?uid=333ac3716897c0c3c6effb00&output=html&source=placeapi_v2,13.0,06:00-23:00,3.8,,,,,,,,72,,,,,,,113.2846964225,23.150412961501,0
efd1443727406842ae04575b,美心西饼(麓景路店),美食,蛋糕甜品店,广东省,广州市,越秀区,广东省广州市越秀区麓景路103号106铺,efd1443727406842ae04575b,1,0,113.284397,23.149807,(020)37410530,cater,http://api.map.baidu.com/place/detail?uid=efd1443727406842ae04575b&output=html&source=placeapi_v2,46.0,07:30-22:00,3.7,,,,,,,,,,,,,,,113.28447002615,23.149784142193,0
9606cb00f302bab5c1f1cf1b,仙踪林(好世界广场店),美食,蛋糕甜品店,广东省,广州市,越秀区,广东省广州市越秀区环市东路362~366号好世界广场负1层,9606cb00f302bab5c1f1cf1b,1,0,113.291245,23.143006,"(020)83881446,(020)83881448",cater,http://api.map.baidu.com/place/detail?uid=9606cb00f302bab5c1f1cf1b&output=html&source=placeapi_v2,44.0,09:30-22:00,3.8,,,,,,,,0,,,,,,,113.29156852612,23.142509772535,0
07239dbad16a977a14948e2c,鲜果吧(时光里·广州店),美食,蛋糕甜品店,广东省,广州市,越秀区,建设大马路18号中环广场首层,07239dbad16a977a14948e2c,1,0,113.287986,23.142499,,cater,http://api.map.baidu.com/place/detail?uid=07239dbad16a977a14948e2c&output=html&source=placeapi_v2,25.0,10:00-21:00,4.0,,,,,,,,1,,,,,,,,,0
db62743154d9b6631e5800ba,味乐园面包店,美食,蛋糕甜品店,广东省,广州市,越秀区,广东省广州市越秀区建设四马路10号,db62743154d9b6631e5800ba,1,0,113.289669,23.139634,,cater,http://api.map.baidu.com/place/detail?uid=db62743154d9b6631e5800ba&output=html&source=placeapi_v2,,,3.5,,,,,,,,,,,,,,,113.28973688209,23.13963268175,0
e04ea154fe409e6615c90542,燕塘牛奶面包,美食,蛋糕甜品店,广东省,广州市,越秀区,水荫路75号大院斜对面,e04ea154fe409e6615c90542,1,0,113.31886,23.146012,13728002020,cater,http://api.map.baidu.com/place/detail?uid=e04ea154fe409e6615c90542&output=html&source=placeapi_v2,,07:30-21:30,,,,,,,,,,,,,,,,113.3188838084,23.146161103546,0
6327db4930c253902811d16e,芝士炫风(水荫路店),美食,蛋糕甜品店,广东省,广州市,越秀区,广东省广州市越秀区水荫路88号,6327db4930c253902811d16e,1,0,113.319352,23.14659,(020)83588239,cater,http://api.map.baidu.com/place/detail?uid=6327db4930c253902811d16e&output=html&source=placeapi_v2,10.0,07:00-22:00,3.5,,,,,,,,3,,,,,,,113.31925343147,23.146682903448,0
ce5b9b73e8b457dab54f541d,黄振龙凉茶(梅东店),美食,蛋糕甜品店,广东省,广州市,越秀区,广东省广州市越秀区梅东路36号128铺,ce5b9b73e8b457dab54f541d,1,0,113.314296,23.136576,"(020)87611673,18026434083",cater,http://api.map.baidu.com/place/detail?uid=ce5b9b73e8b457dab54f541d&output=html&source=placeapi_v2,12.0,07:30-19:00,3.7,,,,,,,,28,,,,,,,113.31416934208,23.136586041624,0
05fb6caa813efad4c1f1cf9e,CoCo都可茶饮(东山锦轩·现代城店),美食,蛋糕甜品店,广东省,广州市,越秀区,广州市越秀区农林下路4-6号东山锦轩·现代城F1,05fb6caa813efad4c1f1cf9e,1,0,113.30212,23.131363,15989039910,cater,http://api.map.baidu.com/place/detail?uid=05fb6caa813efad4c1f1cf9e&output=html&source=placeapi_v2,14.0,10:30-22:00,4.0,,,,,,,,0,,,,,,,113.30242054895,23.131157364269,0
09098a2cde33107af33cba11,哥本达思(龙岗店),美食,蛋糕甜品店,广东省,广州市,天河区,广东省广州市天河区龙岗路38号,09098a2cde33107af33cba11,1,0,113.317822,23.155894,18928913892,cater,http://api.map.baidu.com/place/detail?uid=09098a2cde33107af33cba11&output=html&source=placeapi_v2,,06:00-23:00,3.5,,,,,,,1,0,,,,,,,113.31779431204,23.155941503125,0
a6ba200e059d15cb373a711e,阳光蜜语,美食,蛋糕甜品店,广东省,广州市,越秀区,广东省广州市越秀区内环路共和西路45号,a6ba200e059d15cb373a711e,1,0,113.310709,23.13252,18826293276,cater,http://api.map.baidu.com/place/detail?uid=a6ba200e059d15cb373a711e&output=html&source=placeapi_v2,,,3.4,,,,,,,1,2,,,,,,,113.31075493404,23.132436751038,0
bc18dac6ba0255381ee9997c,大口九茶饮(金贵东街店),美食,蛋糕甜品店,广东省,广州市,越秀区,广东省广州市越秀区长腰岭四街15号,,1,0,113.30316,23.161672,15099977172,cater,http://api.map.baidu.com/place/detail?uid=bc18dac6ba0255381ee9997c&output=html&source=placeapi_v2,11.0,10:00-23:30,3.5,,,,,,,,1,,,,,,,,,0
295259a143d5738b0bccddc1,金冠现烤蛋糕,美食,蛋糕甜品店,广东省,广州市,越秀区,广东省广州市越秀区麓景东路25号首层自编10A房,295259a143d5738b0bccddc1,1,0,113.285304,23.15045,15219731386,cater,http://api.map.baidu.com/place/detail?uid=295259a143d5738b0bccddc1&output=html&source=placeapi_v2,22.0,,3.6,,,,,,,,0,,,,,,,,,0
02add0480a8f9b7328b97cdc,原麦出炉,美食,蛋糕甜品店,广东省,广州市,越秀区,广东省广州市越秀区小北路204号107铺,02add0480a8f9b7328b97cdc,1,0,113.284101,23.144281,,cater,http://api.map.baidu.com/place/detail?uid=02add0480a8f9b7328b97cdc&output=html&source=placeapi_v2,,,3.6,,,,,,,,,,,,,,,113.28416988072,23.144346521419,0
6aea16487a684cdb4c3a5991,浓心爷爷(东风东路店),美食,蛋糕甜品店,广东省,广州市,越秀区,广东省广州市越秀区东风东路617号,6aea16487a684cdb4c3a5991,1,0,113.290154,23.137759,"13035779693,13928899376",cater,http://api.map.baidu.com/place/detail?uid=6aea16487a684cdb4c3a5991&output=html&source=placeapi_v2,11.0,06:30-20:30,3.8,,,,,,,1,0,,,,,,,,,0
0fb190b614dfc25816c905e6,七座烧仙草,美食,蛋糕甜品店,广东省,广州市,越秀区,广州市越秀区先烈中路120号广州动物园,,1,0,113.310957,23.14576,,cater,http://api.map.baidu.com/place/detail?uid=0fb190b614dfc25816c905e6&output=html&source=placeapi_v2,,,,,,,,,,,,,,,,,,,,0
dbdf3a6e6ac603ff95f08cee,新作之茶(东山口站店),美食,蛋糕甜品店,广东省,广州市,越秀区,广东省广州市越秀区农林下路4~6号东山锦轩现代城b1c1号铺,dbdf3a6e6ac603ff95f08cee,1,0,113.302155,23.131292,18675841733,cater,http://api.map.baidu.com/place/detail?uid=dbdf3a6e6ac603ff95f08cee&output=html&source=placeapi_v2,,10:00-21:30,,,,,,,,,,,,,,,,113.30186422475,23.131383839936,0
84a29b8acd0453a138221cb6,美心西饼(天河北店),美食,蛋糕甜品店,广东省,广州市,天河区,广东省广州市天河区天河北路希尔顿阳光酒店负1层476室,84a29b8acd0453a138221cb6,1,0,113.34202,23.146971,(020)87518918,cater,http://api.map.baidu.com/place/detail?uid=84a29b8acd0453a138221cb6&output=html&source=placeapi_v2,50.0,07:00-22:00,3.8,,,,,,,,2,,,,,,,113.34201129908,23.147126264176,0
4ea3f2f1b3f62eb3afcb66ee,皇冠·玛莉奥(龙口西店),美食,蛋糕甜品店,广东省,广州市,天河区,广东省广州市天河区龙口西路307号首层自编10号商铺(帝景苑正对面),4ea3f2f1b3f62eb3afcb66ee,1,0,113.342337,23.146327,(020)87535307,cater,http://api.map.baidu.com/place/detail?uid=4ea3f2f1b3f62eb3afcb66ee&output=html&source=placeapi_v2,10.0,06:00-22:30,4.0,,,,,,,,11,,,,,,,113.34243862841,23.146314461634,0
4a1974f09a50c606353a7107,侧田家芝士蛋糕(天河北店),美食,蛋糕甜品店,广东省,广州市,天河区,广东省广州市天河区天河北路419号102号铺,4a1974f09a50c606353a7107,1,0,113.33683,23.148197,(020)38846508,cater,http://api.map.baidu.com/place/detail?uid=4a1974f09a50c606353a7107&output=html&source=placeapi_v2,12.0,07:00-22:00,3.6,,,,,,,,1,,,,,,,113.33686691813,23.148190605041,0
e9f77ba65c121c93abf72916,欧包遇见茶(龙口西店),美食,蛋糕甜品店,广东省,广州市,天河区,广东省广州市天河区龙口西路220号三期101铺,,1,0,113.342735,23.14428,17316802801,cater,http://api.map.baidu.com/place/detail?uid=e9f77ba65c121c93abf72916&output=html&source=placeapi_v2,30.0,08:00-22:30,3.6,,,,,,,,2,,,,,,,113.34268463296,23.144425600374,0
ab2b01a4c144b4b6adcb6662,玉麻家,美食,蛋糕甜品店,广东省,广州市,天河区,广东省广州市天河区信成南街4-1号首层(靠近天河东路),ab2b01a4c144b4b6adcb6662,1,0,113.338828,23.144914,(020)38017309,cater,http://api.map.baidu.com/place/detail?uid=ab2b01a4c144b4b6adcb6662&output=html&source=placeapi_v2,54.0,13:00-19:00,4.3,,,,,,,1,1,,,,,,,113.33882641439,23.144793860518,0
9e0f6dc1f692439f8bdb7329,利口福(龙口西店),美食,蛋糕甜品店,广东省,广州市,天河区,广东省广州市天河区体育东路东横街4~6号,9e0f6dc1f692439f8bdb7329,1,0,113.342451,23.144,(020)87541452,cater,http://api.map.baidu.com/place/detail?uid=9e0f6dc1f692439f8bdb7329&output=html&source=placeapi_v2,28.0,07:00-22:30,3.5,,,,,,,,0,,,,,,,113.34260979962,23.144097168424,0
f48ffa62926b5fe9eb1e9721,美心西饼(华标广场店),美食,蛋糕甜品店,广东省,广州市,天河区,广东省广州市天河区天河北路605号华标广场F1,f48ffa62926b5fe9eb1e9721,1,0,113.346236,23.147264,(020)38462362,cater,http://api.map.baidu.com/place/detail?uid=f48ffa62926b5fe9eb1e9721&output=html&source=placeapi_v2,48.0,08:00-22:00,3.6,,,,,,,,2,,,,,,,113.3462316482,23.14721661895,0
35684ee364665ac92b11d19e,八喜冰淇淋蛋糕(广州店),美食,蛋糕甜品店,广东省,广州市,天河区,广东省广州市天河区龙口东路331-337号,35684ee364665ac92b11d19e,1,0,113.346828,23.14942,,cater,http://api.map.baidu.com/place/detail?uid=35684ee364665ac92b11d19e&output=html&source=placeapi_v2,82.0,08:30-21:30,4.5,,,,,,,,1,,,,,,,113.34685886553,23.149664060924,0
2fcb3f34ce8c153352e5c57e,明烨老婆饼(天河北店),美食,蛋糕甜品店,广东省,广州市,天河区,广东省广州市天河区天河北路433号,2fcb3f34ce8c153352e5c57e,1,0,113.336803,23.14771,18998808953,cater,http://api.map.baidu.com/place/detail?uid=2fcb3f34ce8c153352e5c57e&output=html&source=placeapi_v2,15.0,09:30-22:00,3.6,,,,,,,,2,,,,,,,113.33684479106,23.147669695904,0
50aea2036b5ceb5b81a12e9b,甜品炖汤双皮奶,美食,蛋糕甜品店,广东省,广州市,天河区,天河区天河北路390-392号,50aea2036b5ceb5b81a12e9b,1,0,113.337181,23.146991,13316063128,cater,http://api.map.baidu.com/place/detail?uid=50aea2036b5ceb5b81a12e9b&output=html&source=placeapi_v2,17.0,07:00-24:00,3.6,,,,,,,,0,,,,,,,113.33717580407,23.147116917743,0
231169137418f1e4724b87bd,85°C(创汇街店),美食,蛋糕甜品店,广东省,广州市,天河区,广东广州市天河区天河路236号广梅汕铁路大厦1楼A03-A04铺(近地铁石牌桥站),231169137418f1e4724b87bd,1,0,113.338828,23.138148,(020)87517185,cater,http://api.map.baidu.com/place/detail?uid=231169137418f1e4724b87bd&output=html&source=placeapi_v2,17.0,07:00-00:30,3.8,,,,,,,,200,,,,,,,113.33900512688,23.13815249804,0
a10365ea3b07c4bd93114cf4,面包超人,美食,蛋糕甜品店,广东省,广州市,天河区,广州市天河区华升街侨怡苑西门南侧约30米,a10365ea3b07c4bd93114cf4,1,0,113.33617,23.145736,,cater,http://api.map.baidu.com/place/detail?uid=a10365ea3b07c4bd93114cf4&output=html&source=placeapi_v2,,09:00-22:00,3.7,,,,,,,,,,,,,,,,,0
3f4eb6e882861059c7f50dd9,初见蛋糕店(林和西店),美食,蛋糕甜品店,广东省,广州市,天河区,广东省广州市天河区体育东路140-148号2808房,3f4eb6e882861059c7f50dd9,1,0,113.335382,23.144824,15622285226,cater,http://api.map.baidu.com/place/detail?uid=3f4eb6e882861059c7f50dd9&output=html&source=placeapi_v2,,00:00-24:00,3.5,,,,,,,1,0,,,,,,,113.33538138761,23.144951050423,0
2cf3847a42fcea3e3c9a5e72,筱后院,美食,蛋糕甜品店,广东省,广州市,天河区,广东省广州市天河区天河北路620号t1栋104铺,2cf3847a42fcea3e3c9a5e72,1,0,113.346941,23.146352,19924660430,cater,http://api.map.baidu.com/place/detail?uid=2cf3847a42fcea3e3c9a5e72&output=html&source=placeapi_v2,53.0,10:30-21:00,4.0,,,,,,,1,,,,,,,,,,0
f696f3c27414a7f21a11d590,香港圣安娜饼屋(财富广场店),美食,蛋糕甜品店,广东省,广州市,天河区,广东省广州市天河区体育东路18号财富广场1楼109E号铺(近猫屎咖啡店),f696f3c27414a7f21a11d590,1,0,113.335314,23.142043,(020)38908140,cater,http://api.map.baidu.com/place/detail?uid=f696f3c27414a7f21a11d590&output=html&source=placeapi_v2,44.0,,3.9,,,,,,,,7,,,,,,,113.33508467101,23.142045151701,0
b9d552db44ceec0fa8175aee,老香港手工蛋糕,美食,蛋糕甜品店,广东省,广州市,天河区,广东省广州市天河区龙口西路50号,b9d552db44ceec0fa8175aee,1,0,113.343535,23.141073,15295603389,cater,http://api.map.baidu.com/place/detail?uid=b9d552db44ceec0fa8175aee&output=html&source=placeapi_v2,,08:00-22:00,3.4,,,,,,,,,,,,,,,113.34344957783,23.141055013735,0
084a5c1fdc3072cc6268586d,德美思蛋糕(天河店),美食,蛋糕甜品店,广东省,广州市,天河区,天河区体育东路140-148号地下一层85号铺,084a5c1fdc3072cc6268586d,1,0,113.335389,23.144754,"13178813421,18126798705",cater,http://api.map.baidu.com/place/detail?uid=084a5c1fdc3072cc6268586d&output=html&source=placeapi_v2,,,,,,,,,,1,,,,,,,,,,0
831cc914cafc2d4f5bf6bec7,Bon Cake生日蛋糕(天河城店),美食,蛋糕甜品店,广东省,广州市,天河区,广州市天河区体育西路天河城购物中心负一层,831cc914cafc2d4f5bf6bec7,1,0,113.329593,23.137915,(020)31234260,cater,http://api.map.baidu.com/place/detail?uid=831cc914cafc2d4f5bf6bec7&output=html&source=placeapi_v2,124.0,08:00-24:00,3.6,,,,,,,,0,,,,,,,,,0
cd8f802b8318f64f71210b41,美心西饼(天娱广场店),美食,蛋糕甜品店,广东省,广州市,天河区,广州市天河区天河路621~625号天娱广场F1,cd8f802b8318f64f71210b41,1,0,113.346587,23.141022,(020)38837907,cater,http://api.map.baidu.com/place/detail?uid=cd8f802b8318f64f71210b41&output=html&source=placeapi_v2,28.0,08:00-22:00,3.7,,,,,,,,15,,,,,,,113.34611421787,23.140894615688,0
a8881cfc4957122fe8e582a9,美心西饼(石牌桥站店),美食,蛋糕甜品店,广东省,广州市,天河区,天河区天河路石牌桥A口地铁站通道内,a8881cfc4957122fe8e582a9,1,0,113.33813,23.139017,(020)87542283,cater,http://api.map.baidu.com/place/detail?uid=a8881cfc4957122fe8e582a9&output=html&source=placeapi_v2,52.0,07:30-22:00,3.8,,,,,,,,3,,,,,,,113.3381242467,23.138930115097,0
8eed2ec7cfd8f0ac1c389442,美心西饼(体育中心地铁店),美食,蛋糕甜品店,广东省,广州市,天河区,天河路208号天河城广场B1楼地铁大厅3号,8eed2ec7cfd8f0ac1c389442,1,0,113.334727,23.140822,(020)38804594,cater,http://api.map.baidu.com/place/detail?uid=8eed2ec7cfd8f0ac1c389442&output=html&source=placeapi_v2,44.0,07:30-20:30,3.6,,,,,,,,2,,,,,,,,,0
1d7f1eab513b25b3eb1e97c3,面包新语(天娱广场店),美食,蛋糕甜品店,广东省,广州市,天河区,广州市天河区天河路621~625号天娱广场F1,1d7f1eab513b25b3eb1e97c3,1,0,113.346501,23.141482,(020)87519665,cater,http://api.map.baidu.com/place/detail?uid=1d7f1eab513b25b3eb1e97c3&output=html&source=placeapi_v2,23.0,10:30-20:30,3.9,,,,,,,,0,,,,,,,113.34611421787,23.140894615688,0
3e4e2c488803041edd1e527b,球记饼家(龙口东店),美食,蛋糕甜品店,广东省,广州市,天河区,广东省广州市天河区龙口东路13号首层自编1号,3e4e2c488803041edd1e527b,1,0,113.347632,23.143503,"(020)89814784,13611496132",cater,http://api.map.baidu.com/place/detail?uid=3e4e2c488803041edd1e527b&output=html&source=placeapi_v2,14.0,06:00-23:00,3.5,,,,,,,,,,,,,,,,,0
35ed67cdf94a0f7172210b00,美心西饼(华师站店),美食,蛋糕甜品店,广东省,广州市,天河区,广东广州市天河区北路476号负1层HS-3~5S铺,,1,0,113.351963,23.146267,(020)85212881,cater,http://api.map.baidu.com/place/detail?uid=35ed67cdf94a0f7172210b00&output=html&source=placeapi_v2,22.0,08:00-20:00,3.7,,,,,,,,1,,,,,,,,,0
e56bf5e3f4ef895d0682c2bb,球记饼家(华师店),美食,蛋糕甜品店,广东省,广州市,天河区,广东省广州市天河区五山路128号,e56bf5e3f4ef895d0682c2bb,1,0,113.352191,23.146122,(020)87581879,cater,http://api.map.baidu.com/place/detail?uid=e56bf5e3f4ef895d0682c2bb&output=html&source=placeapi_v2,9.0,06:00-22:30,3.4,,,,,,,,9,,,,,,,,,0
3f9337d60f6f97aaf6231093,GODIVA(太古汇店),美食,蛋糕甜品店,广东省,广州市,天河区,广东省广州市天河区林和街道华新社区天河路383号太古汇B3,3f9337d60f6f97aaf6231093,1,0,113.338815,23.139744,,cater,http://api.map.baidu.com/place/detail?uid=3f9337d60f6f97aaf6231093&output=html&source=placeapi_v2,52.0,10:00-22:00,4.6,,,,,,,,5,,,,,,,113.3389429866,23.140437717382,0
0ce65c2df52e8f402c473385,莲香楼(天河东门店),美食,蛋糕甜品店,广东省,广州市,天河区,广东省广州市天河区天河东路240号,0ce65c2df52e8f402c473385,1,0,113.340208,23.136331,(020)87530318,cater,http://api.map.baidu.com/place/detail?uid=0ce65c2df52e8f402c473385&output=html&source=placeapi_v2,85.0,07:00-21:00,4.1,,,,,,,,107,,,,,,,113.3403702117,23.13636363571,0
750ec165d508a9324d3a59ee,皇冠·玛莉奥(粤垦店),美食,蛋糕甜品店,广东省,广州市,天河区,广东省广州市天河区粤垦路167号1楼302室,750ec165d508a9324d3a59ee,1,0,113.339045,23.160711,(020)87290730,cater,http://api.map.baidu.com/place/detail?uid=750ec165d508a9324d3a59ee&output=html&source=placeapi_v2,18.0,06:30-23:00,4.1,,,,,,,,13,,,,,,,113.33914312098,23.16078570029,0
58d8de0416e88e0f6268586b,利口福(曜一城天河北路店),美食,蛋糕甜品店,广东省,广州市,天河区,广东省广州市天河区天河北路711~721号曜一城F1,58d8de0416e88e0f6268586b,1,0,113.350146,23.147398,13570523931,cater,http://api.map.baidu.com/place/detail?uid=58d8de0416e88e0f6268586b&output=html&source=placeapi_v2,37.0,09:00-22:00,0,,,,,,,,1,,,,,,,113.35092904647,23.147283177915,0
2fe0b08f2eee812c1d1d118f,美心西饼(林和西B站店),美食,蛋糕甜品店,广东省,广州市,天河区,广东省广州市天河区林和街道广州地铁三号线林和西站LH-3-1S商铺,2fe0b08f2eee812c1d1d118f,1,0,113.330438,23.146496,(020)87565149,cater,http://api.map.baidu.com/place/detail?uid=2fe0b08f2eee812c1d1d118f&output=html&source=placeapi_v2,21.0,07:30-21:00,3.8,,,,,,,,1,,,,,,,113.33042785794,23.146975546155,0
a6c0e6f78cec2284260bd043,皇后饼店(财富广场店),美食,蛋糕甜品店,广东省,广州市,天河区,广东省广州市天河区体育东路16~18号财富广场1楼103-2铺(近体育中心),a6c0e6f78cec2284260bd043,1,0,113.335227,23.141664,(020)87590760,cater,http://api.map.baidu.com/place/detail?uid=a6c0e6f78cec2284260bd043&output=html&source=placeapi_v2,16.0,07:00-22:00,4.0,,,,,,,,3,,,,,,,113.33522702549,23.141663708268,0
f43f0659b2fceba5a2a934e1,Dairy Queen(百脑汇店),美食,蛋糕甜品店,广东省,广州市,天河区,广东省广州市天河区天河路598号广州百脑汇科技大厦负一楼y03a,f43f0659b2fceba5a2a934e1,1,0,113.345934,23.139831,18617162775,cater,http://api.map.baidu.com/place/detail?uid=f43f0659b2fceba5a2a934e1&output=html&source=placeapi_v2,23.0,09:30-21:30,4.3,,,,,,,,0,,,,,,,113.34605209556,23.139552428843,0
0e21b3175988246259bbbcf9,皇后饼店(中信广场店),美食,蛋糕甜品店,广东省,广州市,天河区,广州市天河区天河北路233号中天购物城F1中信广场F3,0e21b3175988246259bbbcf9,1,0,113.331161,23.148239,(020)87520878,cater,http://api.map.baidu.com/place/detail?uid=0e21b3175988246259bbbcf9&output=html&source=placeapi_v2,18.0,08:00-21:00,4.5,,,,,,,,162,,,,,,,113.33069927197,23.148820511208,0
666cf7a82864b190f4e73b8a,以芝Yizzee·专属蛋糕定制,美食,蛋糕甜品店,广东省,广州市,天河区,天河区天河南一路六运二街27号202(天河城附近),,1,0,113.331329,23.135858,(020)37889189,cater,http://api.map.baidu.com/place/detail?uid=666cf7a82864b190f4e73b8a&output=html&source=placeapi_v2,80.0,11:30-18:30,4.1,,,,,,,,30,,,,,,,,,0
db295a925e4865f0077ce8cc,hana CAKE,美食,蛋糕甜品店,广东省,广州市,天河区,广东省广州市天河区六运三街45号,db295a925e4865f0077ce8cc,1,0,113.333645,23.135671,,cater,http://api.map.baidu.com/place/detail?uid=db295a925e4865f0077ce8cc&output=html&source=placeapi_v2,101.0,12:00-19:00,4.3,,,,,,,,0,,,,,,,113.33363628183,23.135553122068,0
7c65d1222b7fb9052911d11f,佳麦饼店(岗顶店),美食,蛋糕甜品店,广东省,广州市,天河区,广东省广州市天河区西河大街6号,7c65d1222b7fb9052911d11f,1,0,113.346824,23.13849,18820117567,cater,http://api.map.baidu.com/place/detail?uid=7c65d1222b7fb9052911d11f&output=html&source=placeapi_v2,55.0,06:00-00:30,1,,,,,,,,3,,,,,,,,,0
9640c5abc2bf534acc06a43e,澤田本家·铜锣烧专门店(天河南一路店),美食,蛋糕甜品店,广东省,广州市,天河区,广东省广州市天河区天河南一路86号,9640c5abc2bf534acc06a43e,1,0,113.331808,23.136687,18925089625,cater,http://api.map.baidu.com/place/detail?uid=9640c5abc2bf534acc06a43e&output=html&source=placeapi_v2,20.0,10:00-21:00,4.4,,,,,,,,3,,,,,,,113.33180018849,23.136772243592,0
e1a7c4c3f72f290d28d7aba9,香港美心西饼(东方宝泰购物广场店),美食,蛋糕甜品店,广东省,广州市,天河区,广东省广州市天河区林和中路63号东方宝泰购物广场F1,e1a7c4c3f72f290d28d7aba9,1,0,113.331946,23.152799,(020)38096289,cater,http://api.map.baidu.com/place/detail?uid=e1a7c4c3f72f290d28d7aba9&output=html&source=placeapi_v2,68.0,08:00-22:00,3.8,,,,,,,,13,,,,,,,113.33196377082,23.153876990918,0
2c770ac68bd1864443e192c4,KOI(正佳广场店),美食,蛋糕甜品店,广东省,广州市,天河区,广东省广州市天河区天河路正佳广场B1-018号商铺,,1,0,113.333686,23.138481,(020)87578667,cater,http://api.map.baidu.com/place/detail?uid=2c770ac68bd1864443e192c4&output=html&source=placeapi_v2,22.0,10:00-22:00,0,,,,,,,,0,,,,,,,,,0
b442e955465d46acc9fa5f60,CoCo都可茶饮(天娱广场店),美食,蛋糕甜品店,广东省,广州市,天河区,广州市天河区天河路621~625号天娱广场F1,b442e955465d46acc9fa5f60,1,0,113.346297,23.140899,13527781858,cater,http://api.map.baidu.com/place/detail?uid=b442e955465d46acc9fa5f60&output=html&source=placeapi_v2,11.0,09:30-23:00,3.8,,,,,,,,1,,,,,,,113.34611421787,23.140894615688,0
d88a4e72f6b9273a79b55cd2,DQ(天河城店),美食,蛋糕甜品店,广东省,广州市,天河区,广东省广州市天河区天河路208号天河城4层K426铺,d88a4e72f6b9273a79b55cd2,1,0,113.329185,23.13776,"(020)36608621,4001088870",cater,http://api.map.baidu.com/place/detail?uid=d88a4e72f6b9273a79b55cd2&output=html&source=placeapi_v2,31.0,10:00-22:00,4.5,,,,,,,,1,,,,,,,113.32834564596,23.138327404097,0
26868cf7baf78cef8d772708,美心西饼(东站地铁店),美食,蛋糕甜品店,广东省,广州市,天河区,天河区林和西路广州东站地铁口DZ-1-7S(近地铁广州东站站),26868cf7baf78cef8d772708,1,0,113.331238,23.155061,(020)38498309,cater,http://api.map.baidu.com/place/detail?uid=26868cf7baf78cef8d772708&output=html&source=placeapi_v2,22.0,07:30-22:00,3.8,,,,,,,,0,,,,,,,113.33123459288,23.154903034327,0
b4361d76bb892dcb430245cc,小猫出品(正佳广场店),美食,蛋糕甜品店,广东省,广州市,天河区,广州市天河区天河路228号正佳广场F5,b4361d76bb892dcb430245cc,1,0,113.333648,23.137684,13316191511,cater,http://api.map.baidu.com/place/detail?uid=b4361d76bb892dcb430245cc&output=html&source=placeapi_v2,20.0,10:00-22:00,3.8,,,,,,,,2,,,,,,,113.33255214117,23.138053155129,0
4f2f167035ab4c78eaf8531a,麦苏蛋糕,美食,蛋糕甜品店,广东省,广州市,天河区,广东省广州市天河区银定塘后街90-96号首层自编23号,4f2f167035ab4c78eaf8531a,1,0,113.340796,23.164921,"13719404398,13922421099",cater,http://api.map.baidu.com/place/detail?uid=4f2f167035ab4c78eaf8531a&output=html&source=placeapi_v2,,08:00-24:00,0,,,,,,,,0,,,,,,,,,0
fdcea50f7394a2b29e82ea39,GODIVA(广州天河城店),美食,蛋糕甜品店,广东省,广州市,天河区,广州市天河区体育西路54号天河又一城F3,fdcea50f7394a2b29e82ea39,1,0,113.328818,23.13818,,cater,http://api.map.baidu.com/place/detail?uid=fdcea50f7394a2b29e82ea39&output=html&source=placeapi_v2,48.0,10:00-22:00,4.7,,,,,,,82,0,,,,,,,113.32834564596,23.138327404097,0
6fdc7651e2c8a4c40f0a70f1,敬茶屋Keichaya,美食,蛋糕甜品店,广东省,广州市,天河区,广东省广州市天河区六运三街7号,6fdc7651e2c8a4c40f0a70f1,1,0,113.332236,23.135715,13710596644,cater,http://api.map.baidu.com/place/detail?uid=6fdc7651e2c8a4c40f0a70f1&output=html&source=placeapi_v2,59.0,13:00-21:00,4.3,,,,,,,,2,,,,,,,113.332411692,23.136424795803,0
ee62fb2c5b2e2f1e2bb97c8c,邓老凉茶(龙口东路店),美食,蛋糕甜品店,广东省,广州市,天河区,广东省广州市天河区龙口东路9~11号,ee62fb2c5b2e2f1e2bb97c8c,1,0,113.347912,23.142547,13725312299,cater,http://api.map.baidu.com/place/detail?uid=ee62fb2c5b2e2f1e2bb97c8c&output=html&source=placeapi_v2,10.0,10:00-22:00,3.6,,,,,,,,3,,,,,,,113.34783156421,23.142544599436,0
771cfc6e747e563302294fd3,喜茶(中信广场店),美食,蛋糕甜品店,广东省,广州市,天河区,广东省广州市天河区天河北路233号首层150~151房号(南洋银行对面),771cfc6e747e563302294fd3,1,0,113.330812,23.148097,(020)87575956,cater,http://api.map.baidu.com/place/detail?uid=771cfc6e747e563302294fd3&output=html&source=placeapi_v2,28.0,09:00-21:00,4.4,,,,,,,,173,,,,,,,113.33069245473,23.148823575638,0
c8ffd355f963779ef6c59ccd,广州海航威斯汀酒店大堂吧,美食,蛋糕甜品店,广东省,广州市,天河区,广东省广州市天河区林和中路6号海航威斯汀酒店1楼(近中信广场),c8ffd355f963779ef6c59ccd,1,0,113.332777,23.149112,(020)28266965,cater,http://api.map.baidu.com/place/detail?uid=c8ffd355f963779ef6c59ccd&output=html&source=placeapi_v2,101.0,00:00-24:00,3.9,,,,,,,,0,,,,,,,113.33251758336,23.149144528462,0
14aee0a6f156cb1f047ce863,丧茶(天娱广场店),美食,蛋糕甜品店,广东省,广州市,天河区,广州市天河区天河路621~625号天娱广场F5,14aee0a6f156cb1f047ce863,1,0,113.346661,23.141499,(020)87547165,cater,http://api.map.baidu.com/place/detail?uid=14aee0a6f156cb1f047ce863&output=html&source=placeapi_v2,19.0,10:30-23:00,3.6,,,,,,,,1,,,,,,,113.34611421787,23.140894615688,0
d0746eba2c70b0ed2902e133,1点点(东方宝泰店),美食,蛋糕甜品店,广东省,广州市,天河区,广东省广州市天河区林和中路63号东方宝泰购物广场F1,d0746eba2c70b0ed2902e133,1,0,113.330766,23.152818,(020)38096272,cater,http://api.map.baidu.com/place/detail?uid=d0746eba2c70b0ed2902e133&output=html&source=placeapi_v2,13.0,10:00-22:30,4.1,,,,,,,,4,,,,,,,113.33038660285,23.152797313269,0
96b672aa561c426ccf04efe9,利口福(东横街店),美食,蛋糕甜品店,广东省,广州市,天河区,广东省广州市天河区体育东路体育东横街2、4、6号A4房,96b672aa561c426ccf04efe9,1,0,113.335938,23.134773,(020)87590230,cater,http://api.map.baidu.com/place/detail?uid=96b672aa561c426ccf04efe9&output=html&source=placeapi_v2,43.0,07:00-22:00,4.0,,,,,,,,7,,,,,,,113.33591935403,23.134906249683,0
b4ceb52d5f1a34eff7e73bd7,奈雪的茶(东方宝泰广场店),美食,蛋糕甜品店,广东省,广州市,天河区,广东省广州市天河区林和中路63号东方宝泰购物广场B1,b4ceb52d5f1a34eff7e73bd7,1,0,113.33132,23.153351,,cater,http://api.map.baidu.com/place/detail?uid=b4ceb52d5f1a34eff7e73bd7&output=html&source=placeapi_v2,32.0,10:00-22:00,4.6,,,,,,,,0,,,,,,,113.33222632576,23.154277897499,0
d9ea61b9a316c2b4c7f50db9,CoCo都可茶饮(东方宝泰购物广场店),美食,蛋糕甜品店,广东省,广州市,天河区,广东省广州市天河区林和中路63号东方宝泰购物广场B2,d9ea61b9a316c2b4c7f50db9,1,0,113.331362,23.153608,15999919757,cater,http://api.map.baidu.com/place/detail?uid=d9ea61b9a316c2b4c7f50db9&output=html&source=placeapi_v2,16.0,10:00-22:00,4.4,,,,,,,,2,,,,,,,113.33222632576,23.154277897499,0
de62fea3681bcb5e715e806a,喜茶(东方宝泰店),美食,蛋糕甜品店,广东省,广州市,天河区,广东省广州市天河区林和中路63号东方宝泰购物广场B3,de62fea3681bcb5e715e806a,1,0,113.3313,23.153978,,cater,http://api.map.baidu.com/place/detail?uid=de62fea3681bcb5e715e806a&output=html&source=placeapi_v2,25.0,10:00-22:00,4.7,,,,,,,,200,,,,,,,113.33222632576,23.154277897499,0
844a750e235702a063685885,芬芳甜品(体育东横街店),美食,蛋糕甜品店,广东省,广州市,天河区,广东省广州市天河区体育东横街6号之四(设计大厦正对面，体育东市场旁),844a750e235702a063685885,1,0,113.335752,23.134823,"(020)85518942,(020)87546354",cater,http://api.map.baidu.com/place/detail?uid=844a750e235702a063685885&output=html&source=placeapi_v2,23.0,07:00-20:30,3.9,,,,,,,,16,,,,,,,113.3357576797,23.134919761825,0
f6b697b7000dbc411f389497,西树泡芙(正佳店),美食,蛋糕甜品店,广东省,广州市,天河区,广州市天河区天河路228号正佳广场M,f6b697b7000dbc411f389497,1,0,113.333729,23.138158,(020)38331316,cater,http://api.map.baidu.com/place/detail?uid=f6b697b7000dbc411f389497&output=html&source=placeapi_v2,18.0,10:00-22:00,4.1,,,,,,,,24,,,,,,,113.33376587857,23.139123952729,0
60785419b96917c0c5effbea,恋暖的初茶(太古汇店),美食,蛋糕甜品店,广东省,广州市,天河区,广东省广州市天河区林和街道华新社区天河路383号太古汇B1,60785419b96917c0c5effbea,1,0,113.337625,23.139685,(020)38088687,cater,http://api.map.baidu.com/place/detail?uid=60785419b96917c0c5effbea&output=html&source=placeapi_v2,18.0,09:00-21:30,4,,,,,,,,200,,,,,,,113.33897260014,23.140587174055,0
11b6d972b65f49fc2dfaa70b,奈雪的茶(正佳广场店),美食,蛋糕甜品店,广东省,广州市,天河区,广州市天河区天河路228号正佳广场F4,11b6d972b65f49fc2dfaa70b,1,0,113.333864,23.137136,(020)89814953,cater,http://api.map.baidu.com/place/detail?uid=11b6d972b65f49fc2dfaa70b&output=html&source=placeapi_v2,30.0,,4.4,,,,,,,,32,,,,,,,113.33255214117,23.138053155129,0
7d1f9aff74880beb95f08ce8,化州超润甜品(岗顶店),美食,蛋糕甜品店,广东省,广州市,天河区,广州市天河区石牌村逢源大街24号1楼,7d1f9aff74880beb95f08ce8,1,0,113.345399,23.137176,"13138696869,18312557132",cater,http://api.map.baidu.com/place/detail?uid=7d1f9aff74880beb95f08ce8&output=html&source=placeapi_v2,35.0,14:00-02:00,3.4,,,,,,,,0,,,,,,,,,0
37b7132893637f3bc9e33c81,面包新语(东方宝泰购物广场店),美食,蛋糕甜品店,广东省,广州市,天河区,广东省广州市天河区林和中路63号东方宝泰购物广场B1,37b7132893637f3bc9e33c81,1,0,113.331478,23.154564,(020)87521065,cater,http://api.map.baidu.com/place/detail?uid=37b7132893637f3bc9e33c81&output=html&source=placeapi_v2,23.0,08:00-22:00,3.9,,,,,,,,12,,,,,,,113.33147203749,23.154669110397,0
27953140e62329bc6849f378,利口福(海安店),美食,蛋糕甜品店,广东省,广州市,天河区,广东省广州市天河区海安路11号,27953140e62329bc6849f378,1,0,113.345559,23.130259,(020)22029020,cater,http://api.map.baidu.com/place/detail?uid=27953140e62329bc6849f378&output=html&source=placeapi_v2,30.0,07:00-22:00,3.6,,,,,,,,0,,,,,,,,,0
84a42b0550b7474a4f3a59c1,喜茶(天环PARC CENTRAL店),美食,蛋糕甜品店,广东省,广州市,天河区,广东省广州市天河区天河路218号天环PARC CENTRALF2,84a42b0550b7474a4f3a59c1,1,0,113.331443,23.138647,(020)85201328,cater,http://api.map.baidu.com/place/detail?uid=84a42b0550b7474a4f3a59c1&output=html&source=placeapi_v2,35.0,10:00-22:00,4.6,,,,,,,,7,,,,,,,113.33030755956,23.138279374594,0
71814afd2b05a706902ca3e1,酒窝甜品(时尚天河商业广场店),美食,蛋糕甜品店,广东省,广州市,天河区,广州市天河区天河路299号时尚天河商业广场B1,71814afd2b05a706902ca3e1,1,0,113.334451,23.1396,(020)38269661,cater,http://api.map.baidu.com/place/detail?uid=71814afd2b05a706902ca3e1&output=html&source=placeapi_v2,25.5,09:00-22:30,4.5,,,,,,,,85,,,,,,,113.33462480147,23.140769947882,0
ffd488085dc91d5ca1a93473,丹迪当(正佳店),美食,蛋糕甜品店,广东省,广州市,天河区,广州市天河区天河路228号正佳广场F1,ffd488085dc91d5ca1a93473,1,0,113.334026,23.138358,,life,http://api.map.baidu.com/place/detail?uid=ffd488085dc91d5ca1a93473&output=html&source=placeapi_v2,,,,,,,,,,72,11,,,,,,,,,0
16939c13e284c80b9fec2b72,合德记顺德双皮奶(粤垦店),美食,蛋糕甜品店,广东省,广州市,天河区,广东省广州市天河区粤垦路侨燕街20号三期,16939c13e284c80b9fec2b72,1,0,113.337508,23.160525,"18680234136,18924292577",cater,http://api.map.baidu.com/place/detail?uid=16939c13e284c80b9fec2b72&output=html&source=placeapi_v2,15.0,10:00-24:00,0,,,,,,,,0,,,,,,,,,0
d270e006abbf3a725e0d027c,西树泡芙(天河城购物广场店),美食,蛋糕甜品店,广东省,广州市,天河区,广州市天河区体育西路54号天河又一城B1,d270e006abbf3a725e0d027c,1,0,113.329174,23.137277,(020)37282152,life,http://api.map.baidu.com/place/detail?uid=d270e006abbf3a725e0d027c&output=html&source=placeapi_v2,,10:00-22:00,,,,,,,,79,200,,,,,,,113.32834564596,23.138327404097,0
382af1951044137a6c476002,茶理宜世(正佳广场店),美食,蛋糕甜品店,广东省,广州市,天河区,广州市天河区天河路228号正佳广场M,,1,0,113.333789,23.138177,18027175049,cater,http://api.map.baidu.com/place/detail?uid=382af1951044137a6c476002&output=html&source=placeapi_v2,19.0,10:30-22:30,4.3,,,,,,,,,,,,,,,,,0
7c6ef609ab6cde6d28201a09,九记甜品下午茶简餐(玉兰阁店),美食,蛋糕甜品店,广东省,广州市,天河区,广东省广州市天河区黄埔大道西269号玉兰汇玉兰阁2楼,7c6ef609ab6cde6d28201a09,1,0,113.339188,23.133027,18816804826,cater,http://api.map.baidu.com/place/detail?uid=7c6ef609ab6cde6d28201a09&output=html&source=placeapi_v2,18.0,09:00-24:00,0,,,,,,,,0,,,,,,,,,0
a3b76ef1a389276002294f24,本宫的茶(正佳广场店),美食,蛋糕甜品店,广东省,广州市,天河区,广州市天河区天河路228号正佳广场B1,a3b76ef1a389276002294f24,1,0,113.333246,23.137957,13316065441,cater,http://api.map.baidu.com/place/detail?uid=a3b76ef1a389276002294f24&output=html&source=placeapi_v2,16.0,10:00-21:30,4.2,,,,,,,,1,,,,,,,113.33255214117,23.138053155129,0
0710da3f0bc7a0a8a8f729ea,GONG CHA(摩登百货岗顶店),美食,蛋糕甜品店,广东省,广州市,天河区,广州市天河区天河路611号摩登百货B1,0710da3f0bc7a0a8a8f729ea,1,0,113.345707,23.1408,,cater,http://api.map.baidu.com/place/detail?uid=0710da3f0bc7a0a8a8f729ea&output=html&source=placeapi_v2,,10:00-22:00,2.7,,,,,,,,3,,,,,,,,,0
cea9e9ca344013b122f01712,咕噜咕噜(正佳广场店),美食,蛋糕甜品店,广东省,广州市,天河区,广州市天河区天河路228号正佳广场M,cea9e9ca344013b122f01712,1,0,113.334399,23.138724,13724823946,cater,http://api.map.baidu.com/place/detail?uid=cea9e9ca344013b122f01712&output=html&source=placeapi_v2,16.0,10:00-22:30,3.8,,,,,,,,24,,,,,,,,,0
fdd44385492638e27dc876f9,甜工馆纯手工甜品(石牌店),美食,蛋糕甜品店,广东省,广州市,天河区,广东省广州市天河区陶育路71号,fdd44385492638e27dc876f9,1,0,113.351133,23.134722,13232685032,cater,http://api.map.baidu.com/place/detail?uid=fdd44385492638e27dc876f9&output=html&source=placeapi_v2,17.0,08:30-23:00,3.7,,,,,,,1,0,,,,,,,113.35119335221,23.134721684898,0
031a64e2127c19d4d7b74e0d,芳叔(正佳广场店),美食,蛋糕甜品店,广东省,广州市,天河区,广东省广州市天河区天河路28号正佳广场负一层BG-08号铺,031a64e2127c19d4d7b74e0d,1,0,113.33303,23.137672,(020)38550572,cater,http://api.map.baidu.com/place/detail?uid=031a64e2127c19d4d7b74e0d&output=html&source=placeapi_v2,20.0,10:00-22:00,4.1,,,,,,,,11,,,,,,,113.33255214117,23.138053155129,0
0181a5a5b13dab0321f017f5,咕噜咕噜(天河又一城店),美食,蛋糕甜品店,广东省,广州市,天河区,广州市天河区体育西路54号天河又一城B1,0181a5a5b13dab0321f017f5,1,0,113.32785,23.138104,13250705073,cater,http://api.map.baidu.com/place/detail?uid=0181a5a5b13dab0321f017f5&output=html&source=placeapi_v2,17.0,11:00-21:30,3.4,,,,,,,,0,,,,,,,113.329305,23.136957011215,0
156f151bff5e2cd446e27435,玛迪奥烘焙坊(石牌东店),美食,蛋糕甜品店,广东省,广州市,天河区,广东省广州市天河区黄埔大道西499-14号,156f151bff5e2cd446e27435,1,0,113.349838,23.133118,13535190207,cater,http://api.map.baidu.com/place/detail?uid=156f151bff5e2cd446e27435&output=html&source=placeapi_v2,10.0,06:00-24:00,3.4,,,,,,,,16,,,,,,,113.34991308809,23.133095880108,0
dbb9c59ff1a1552211882442,瑞幸咖啡(佳兆业广场店),美食,蛋糕甜品店,广东省,广州市,天河区,广州市天河区体育西路191号佳兆业广场F1,dbb9c59ff1a1552211882442,1,0,113.326922,23.145974,,cater,http://api.map.baidu.com/place/detail?uid=dbb9c59ff1a1552211882442&output=html&source=placeapi_v2,16.0,07:00-22:00,3.8,,,,,,,,0,,,,,,,113.32675620395,23.14661170628,0
b0b6a7126fbaf8e92cb17e12,哈根达斯(天河城店),美食,蛋糕甜品店,广东省,广州市,天河区,广东省广州市天河区天河路208号1楼107铺,,1,0,113.329087,23.138526,,cater,http://api.map.baidu.com/place/detail?uid=b0b6a7126fbaf8e92cb17e12&output=html&source=placeapi_v2,60.0,10:00-22:00,4.3,,,,,,,,,,,,,,,113.32995466923,23.138435442166,0
612b197361d787aa9e95dedc,乐达甜品,美食,蛋糕甜品店,广东省,广州市,天河区,广东省广州市天河区金燕路614号-624号金燕花苑第三期8号铺,612b197361d787aa9e95dedc,1,0,113.336002,23.162647,13711097293,cater,http://api.map.baidu.com/place/detail?uid=612b197361d787aa9e95dedc&output=html&source=placeapi_v2,22.0,10:00-22:00,3.5,,,,,,,,0,,,,,,,,,0
f2f15ffbf3396591621c6788,黄记玉米汁(天河又一城店),美食,蛋糕甜品店,广东省,广州市,天河区,广州市天河区体育西路54号天河又一城B1,f2f15ffbf3396591621c6788,1,0,113.328334,23.13802,15013210402,cater,http://api.map.baidu.com/place/detail?uid=f2f15ffbf3396591621c6788&output=html&source=placeapi_v2,13.0,09:00-22:00,4.1,,,,,,,,9,,,,,,,113.329305,23.136957011215,0
e0c5f21ab144283a28201a68,岚菓子(时尚天河店),美食,蛋糕甜品店,广东省,广州市,天河区,广州市天河区时尚天河中区寻马街071铺,e0c5f21ab144283a28201a68,1,0,113.330768,23.140527,13076335889,cater,http://api.map.baidu.com/place/detail?uid=e0c5f21ab144283a28201a68&output=html&source=placeapi_v2,14.0,10:00-21:30,0,,,,,,,,0,,,,,,,,,0
86161d3a2688c339f603b8de,桃李休闲吧(华师大店),美食,蛋糕甜品店,广东省,广州市,天河区,广东省广州市天河区广州是中山大道西5号华南师范大学内产业大楼19房,86161d3a2688c339f603b8de,1,0,113.360334,23.143563,13802760861,cater,http://api.map.baidu.com/place/detail?uid=86161d3a2688c339f603b8de&output=html&source=placeapi_v2,18.0,10:00-21:00,3.4,,,,,,,,0,,,,,,,113.36033728574,23.143458411764,0
182a0f764d07e70fb34c4962,永旺旺冰冻糖水,美食,蛋糕甜品店,广东省,广州市,天河区,广东省广州市天河区东莞庄南街77号3楼302室,182a0f764d07e70fb34c4962,1,0,113.344692,23.163015,,cater,http://api.map.baidu.com/place/detail?uid=182a0f764d07e70fb34c4962&output=html&source=placeapi_v2,,07:00-22:00,4,,,,,,,,3,,,,,,,113.34473529197,23.163086336858,0
eb5992fc5794cff0ab175a32,芭克·闪冰(天河城店),美食,蛋糕甜品店,广东省,广州市,天河区,广州市天河区体育西路54号天河又一城F6,eb5992fc5794cff0ab175a32,1,0,113.32899,23.137916,(020)87512659,life,http://api.map.baidu.com/place/detail?uid=eb5992fc5794cff0ab175a32&output=html&source=placeapi_v2,,10:00-22:00,,,,,,,,79,0,,,,,,,113.32995466923,23.138435442166,0
bba87388d1f433b9bda822f3,街尚酸辣粉(天河直街店),美食,蛋糕甜品店,广东省,广州市,天河区,广东广州市天河区天河直街102号,bba87388d1f433b9bda822f3,1,0,113.32468,23.142608,(020)38866792,cater,http://api.map.baidu.com/place/detail?uid=bba87388d1f433b9bda822f3&output=html&source=placeapi_v2,21.0,09:00-00:30,4.2,,,,,,,6,11,,,,,,,,,0
fcd9d9b8d745b48bb6f42f5e,龙凤冰室(正佳广场店),美食,蛋糕甜品店,广东省,广州市,天河区,广州市天河区天河路228号正佳广场M,,1,0,113.333684,23.137904,(020)83622131,cater,http://api.map.baidu.com/place/detail?uid=fcd9d9b8d745b48bb6f42f5e&output=html&source=placeapi_v2,36.0,10:00-22:00,3.6,,,,,,,,,,,,,,,,,0
a3818cdebf24476379b55c1d,乐澄茶寮(中信广场店),美食,蛋糕甜品店,广东省,广州市,天河区,广州市天河区天河北路233号中天购物城F1中信广场F2,,1,0,113.331481,23.148093,(020)38892482,cater,http://api.map.baidu.com/place/detail?uid=a3818cdebf24476379b55c1d&output=html&source=placeapi_v2,71.0,10:00-21:00,0,,,,,,,,0,,,,,,,113.33069927197,23.148820511208,0
a45c5b4e504b582002294ff5,点点避风塘(华师店),美食,蛋糕甜品店,广东省,广州市,天河区,广东省广州市天河区黄埔大道西413号,a45c5b4e504b582002294ff5,1,0,113.345987,23.132538,"13760621882,15986313503",cater,http://api.map.baidu.com/place/detail?uid=a45c5b4e504b582002294ff5&output=html&source=placeapi_v2,11.0,11:00-24:00,1,,,,,,,,2,,,,,,,113.34611404899,23.132511964879,0
98c9947e5801dbc11e580018,漫乐茶(正佳广场店),美食,蛋糕甜品店,广东省,广州市,天河区,广州市天河区天河路228号正佳广场M,98c9947e5801dbc11e580018,1,0,113.333365,23.137915,(020)38331844,cater,http://api.map.baidu.com/place/detail?uid=98c9947e5801dbc11e580018&output=html&source=placeapi_v2,18.0,10:00-22:00,4.2,,,,,,,,16,,,,,,,,,0
ffad5aec27f15d127169d328,糖半甜(正佳广场店),美食,蛋糕甜品店,广东省,广州市,天河区,广州市天河区天河路228号正佳广场M,,1,0,113.334006,23.138539,18620001200,cater,http://api.map.baidu.com/place/detail?uid=ffad5aec27f15d127169d328&output=html&source=placeapi_v2,14.0,10:00-22:30,4.0,,,,,,,,,,,,,,,,,0
138637ab445f9c792fb17e08,美好时光(万俪购物中心店),美食,蛋糕甜品店,广东省,广州市,天河区,广东省广州市天河区上街南巷4号2楼,138637ab445f9c792fb17e08,1,0,113.349687,23.138572,,cater,http://api.map.baidu.com/place/detail?uid=138637ab445f9c792fb17e08&output=html&source=placeapi_v2,,10:00-22:00,,,,,,,,,,,,,,,,,,0
b3fe5beed9a1f228ae080f4b,哈根达斯(天河城店),美食,蛋糕甜品店,广东省,广州市,天河区,广东省广州市天河区天河路208号天河城广场1f,b3fe5beed9a1f228ae080f4b,1,0,113.328921,23.138551,(020)85590922,cater,http://api.map.baidu.com/place/detail?uid=b3fe5beed9a1f228ae080f4b&output=html&source=placeapi_v2,66.0,10:00-22:00,4.4,,,,,,,,1,,,,,,,113.32834564596,23.138327404097,0
4eab534981b245596f3e1b11,幸福西饼(棠下店),美食,蛋糕甜品店,广东省,广州市,天河区,广东省广州市天河区荷光路137号101房,4eab534981b245596f3e1b11,1,0,113.379753,23.142521,(020)89280845,cater,http://api.map.baidu.com/place/detail?uid=4eab534981b245596f3e1b11&output=html&source=placeapi_v2,93.0,08:00-20:00,3.9,,,,,,,,0,,,,,,,113.37946762143,23.142562881129,0
f1240c5d9a5f6facc909f021,乐芙手感蛋糕,美食,蛋糕甜品店,广东省,广州市,天河区,广东省广州市天河区棠安路288号,f1240c5d9a5f6facc909f021,1,0,113.382836,23.141813,13776892102,cater,http://api.map.baidu.com/place/detail?uid=f1240c5d9a5f6facc909f021&output=html&source=placeapi_v2,,08:00-23:00,0,,,,,,,,0,,,,,,,,,0
e844c27bf70ea9da5fbe8648,出品靓西饼店,美食,蛋糕甜品店,广东省,广州市,天河区,广东省广州市天河区荷光路154号合心商务中心a座1楼,e844c27bf70ea9da5fbe8648,1,0,113.380099,23.141645,18165812030,cater,http://api.map.baidu.com/place/detail?uid=e844c27bf70ea9da5fbe8648&output=html&source=placeapi_v2,,06:00-23:00,,,,,,,,,,,,,,,,,,0
10c36cbde45222df095cb326,DroQcake千岛蛋糕,美食,蛋糕甜品店,广东省,广州市,天河区,广东省广州市天河区岗大街五巷3号101房,10c36cbde45222df095cb326,1,0,113.377759,23.142055,,cater,http://api.map.baidu.com/place/detail?uid=10c36cbde45222df095cb326&output=html&source=placeapi_v2,,10:00-21:00,5,,,,,,,,2,,,,,,,113.37783208198,23.141796271661,0
88bbb6c609e93c8214c8f6a0,佬表蛋糕,美食,蛋糕甜品店,广东省,广州市,天河区,广州市天河区棠德西路棠德综合市场,88bbb6c609e93c8214c8f6a0,1,0,113.385143,23.141068,,cater,http://api.map.baidu.com/place/detail?uid=88bbb6c609e93c8214c8f6a0&output=html&source=placeapi_v2,,,3.4,,,,,,,,,,,,,,,,,0
66a316b2514f5f77ede4a50e,巧馨蛋糕店,美食,蛋糕甜品店,广东省,广州市,天河区,广东省广州市天河区八巷103,,1,0,113.375964,23.140684,18802077806,cater,http://api.map.baidu.com/place/detail?uid=66a316b2514f5f77ede4a50e&output=html&source=placeapi_v2,,,,,,,,,,,,,,,,,,,,0
d6f472142d9385f00aa8d4fa,心麦点蛋糕店,美食,蛋糕甜品店,广东省,广州市,天河区,广东省广州市天河区岗新大街18号102房,d6f472142d9385f00aa8d4fa,1,0,113.375956,23.140637,13424451001,cater,http://api.map.baidu.com/place/detail?uid=d6f472142d9385f00aa8d4fa&output=html&source=placeapi_v2,39.0,08:00-22:00,0,,,,,,,,0,,,,,,,113.37540508686,23.141176951058,0
9ebb2219e0debf5496ca0727,初见蛋糕店,美食,蛋糕甜品店,广东省,广州市,天河区,广州市天河区胡岗新村八巷10号103房,,1,0,113.375915,23.140653,15218867839,cater,http://api.map.baidu.com/place/detail?uid=9ebb2219e0debf5496ca0727&output=html&source=placeapi_v2,,00:00-24:00,0,,,,,,,,0,,,,,,,,,0
560805ff0e08f4ceebe58211,欧风麦甜(棠德南店),美食,蛋糕甜品店,广东省,广州市,天河区,广东省广州市天河区棠德南路70号,560805ff0e08f4ceebe58211,1,0,113.389485,23.138192,13602758213,cater,http://api.map.baidu.com/place/detail?uid=560805ff0e08f4ceebe58211&output=html&source=placeapi_v2,10.0,06:00-24:00,3.6,,,,,,,,0,,,,,,,113.38950181884,23.138271294931,0
b292b3aaf33f344fbe484255,美心西饼(中山大道西店),美食,蛋糕甜品店,广东省,广州市,天河区,广东省广州市天河区中山大道188号沃尔玛1楼,b292b3aaf33f344fbe484255,1,0,113.385549,23.131276,(020)85526382,cater,http://api.map.baidu.com/place/detail?uid=b292b3aaf33f344fbe484255&output=html&source=placeapi_v2,85.0,08:30-21:30,3.9,,,,,,,,4,,,,,,,113.38562591173,23.131510352825,0
64b7f5bdca0c3caec27da2ac,徐其修凉茶(上社店),美食,蛋糕甜品店,广东省,广州市,天河区,广州市天河区上社口岗大街南溪里9号105徐其修凉茶店附近亦可,64b7f5bdca0c3caec27da2ac,1,0,113.377812,23.141922,15914219938,cater,http://api.map.baidu.com/place/detail?uid=64b7f5bdca0c3caec27da2ac&output=html&source=placeapi_v2,9.0,08:00-01:00,3.6,,,,,,,,2,,,,,,,113.37791409188,23.141792794999,0
cb1d9d6495e6139777026905,大象烘焙,美食,蛋糕甜品店,广东省,广州市,天河区,广东省广州市天河区汇景北路亚太盛汇b1层5号铺,cb1d9d6495e6139777026905,1,0,113.374574,23.155322,,cater,http://api.map.baidu.com/place/detail?uid=cb1d9d6495e6139777026905&output=html&source=placeapi_v2,,08:00-21:00,3.5,,,,,,,,,,,,,,,113.37424007445,23.155582097709,0
22189c248bb2baae8c55ec4d,欧风麦甜面包连锁(棠下店),美食,蛋糕甜品店,广东省,广州市,天河区,广东省广州市天河区棠下涌东路远景楼1号14间,22189c248bb2baae8c55ec4d,1,0,113.384647,23.133687,(020)85274831,cater,http://api.map.baidu.com/place/detail?uid=22189c248bb2baae8c55ec4d&output=html&source=placeapi_v2,7.0,06:00-24:00,3.7,,,,,,,,1,,,,,,,113.38457233142,23.133650798151,0
1fb48f843bc7add0f60e770c,一号外卖(上社店),美食,蛋糕甜品店,广东省,广州市,天河区,上社口岗新大街三巷1号101房,,1,0,113.376419,23.139903,,cater,http://api.map.baidu.com/place/detail?uid=1fb48f843bc7add0f60e770c&output=html&source=placeapi_v2,,,5.0,,,,,,,,1,,,,,,,,,0
4e087f6050d7a77887330471,玛迪奥烘焙工坊(历德雅舍店),美食,蛋糕甜品店,广东省,广州市,天河区,广东省广州市天河区华景东路216号,4e087f6050d7a77887330471,1,0,113.373726,23.140757,(020)85589429,cater,http://api.map.baidu.com/place/detail?uid=4e087f6050d7a77887330471&output=html&source=placeapi_v2,,06:30-23:00,0,,,,,,,,0,,,,,,,113.37366426511,23.140753835714,0
2c5009d1e15feb142afc482f,利口福(华景北路店),美食,蛋糕甜品店,广东省,广州市,天河区,广东省广州市天河区华景北路54号,2c5009d1e15feb142afc482f,1,0,113.369106,23.146987,(020)38200730,cater,http://api.map.baidu.com/place/detail?uid=2c5009d1e15feb142afc482f&output=html&source=placeapi_v2,,10:00-21:00,3.4,,,,,,,,0,,,,,,,113.36912470427,23.147125123972,0
ed5fb4e5ca6c40b34d2fdfbf,V-PARTY蛋糕派对,美食,蛋糕甜品店,广东省,广州市,天河区,广东省广州市天河区建业路华翠街92号,ed5fb4e5ca6c40b34d2fdfbf,1,0,113.374465,23.131016,13660207660,cater,http://api.map.baidu.com/place/detail?uid=ed5fb4e5ca6c40b34d2fdfbf&output=html&source=placeapi_v2,,10:00-18:00,3.5,,,,,,,,1,,,,,,,113.37454531866,23.131001736374,0
1b9715506346994cf603b83d,1点点(学院店),美食,蛋糕甜品店,广东省,广州市,天河区,广东省广州市天河区荷光路43号3号铺,1b9715506346994cf603b83d,1,0,113.379578,23.137765,(020)89281982,cater,http://api.map.baidu.com/place/detail?uid=1b9715506346994cf603b83d&output=html&source=placeapi_v2,12.0,10:30-23:00,3.6,,,,,,,,0,,,,,,,113.3796623013,23.137799006085,0
dd551e195298a3c946572684,Sweet·Q甜趣生日蛋糕(天河店),美食,蛋糕甜品店,广东省,广州市,天河区,广东省广州市天河区荔园新街41-1号41号之-101房,dd551e195298a3c946572684,1,0,113.394558,23.136528,13922311853,cater,http://api.map.baidu.com/place/detail?uid=dd551e195298a3c946572684&output=html&source=placeapi_v2,,09:00-23:00,3.6,,,,,,,,,,,,,,,,,0
193ccf46118faf71d2f49ec9,轩洛香蛋糕店(天河公园店),美食,蛋糕甜品店,广东省,广州市,天河区,广东省广州市天河区荷光路2199房,193ccf46118faf71d2f49ec9,1,0,113.379648,23.135378,13560170509,cater,http://api.map.baidu.com/place/detail?uid=193ccf46118faf71d2f49ec9&output=html&source=placeapi_v2,,00:00-24:00,0,,,,,,,,0,,,,,,,113.37964796345,23.135378346363,0
83b1f70708ad49e20b1cc709,欧风麦甜(常东店),美食,蛋糕甜品店,广东省,广州市,天河区,广东省广州市天河区毓桂大街北二巷棠东店101房,,1,0,113.393813,23.136889,"(020)85274831,13660890678",cater,http://api.map.baidu.com/place/detail?uid=83b1f70708ad49e20b1cc709&output=html&source=placeapi_v2,11.0,07:00-23:00,3.5,,,,,,,,0,,,,,,,113.39393309883,23.136882579797,0
552bde79e849f50bb1077de4,布欧甜品,美食,蛋糕甜品店,广东省,广州市,天河区,广东省广州市天河区上社口岗大街中和里43号101,,1,0,113.376631,23.140934,,cater,http://api.map.baidu.com/place/detail?uid=552bde79e849f50bb1077de4&output=html&source=placeapi_v2,,,,,,,,,,,,,,,,,,,,0
5e7f146ecaa05babd7851fbb,浓心爷爷·现烤面包(历德雅舍店),美食,蛋糕甜品店,广东省,广州市,天河区,广东省广州市天河区中山大道西209-4号,5e7f146ecaa05babd7851fbb,1,0,113.373128,23.13863,13060800331,cater,http://api.map.baidu.com/place/detail?uid=5e7f146ecaa05babd7851fbb&output=html&source=placeapi_v2,9.0,07:00-22:00,3.6,,,,,,,,0,,,,,,,113.37301070832,23.138270039003,0
6fc42326abdb705b028972c5,玛迪奥(荷光路店),美食,蛋糕甜品店,广东省,广州市,天河区,广东省广州市天河区南闸大街8~9号,6fc42326abdb705b028972c5,1,0,113.379295,23.13505,"(020)85670990,15975581185",shopping,http://api.map.baidu.com/place/detail?uid=6fc42326abdb705b028972c5&output=html&source=placeapi_v2,,09:00-23:00,,,,,,,,,2,,,,,,,113.37923189978,23.134946773645,0
ea48ab320e81b3570a5cb385,利口福(中山大道西店),美食,蛋糕甜品店,广东省,广州市,天河区,广东省广州市天河区中山大道西203号之八之九101部分商铺,ea48ab320e81b3570a5cb385,1,0,113.372681,23.138649,(020)89814420,cater,http://api.map.baidu.com/place/detail?uid=ea48ab320e81b3570a5cb385&output=html&source=placeapi_v2,18.0,07:00-22:00,3.6,,,,,,,,24,,,,,,,113.37255877442,23.138438451837,0
7f2b52fe3986cd22fea7785b,正宗化州糖水(上社店),美食,蛋糕甜品店,广东省,广州市,天河区,广东省广州市天河区上社口岗新大街26号对面自编1号,7f2b52fe3986cd22fea7785b,1,0,113.375705,23.141094,15099960163,cater,http://api.map.baidu.com/place/detail?uid=7f2b52fe3986cd22fea7785b&output=html&source=placeapi_v2,12.0,12:00-01:30,3.6,,,,,,,,0,,,,,,,,,0
9889a9b6106bd5159b68b4e3,大福西饼,美食,蛋糕甜品店,广东省,广州市,天河区,广东省广州市天河区华景路66号海锦写字楼1层,9889a9b6106bd5159b68b4e3,1,0,113.36583,23.145068,(020)38760399,cater,http://api.map.baidu.com/place/detail?uid=9889a9b6106bd5159b68b4e3&output=html&source=placeapi_v2,13.0,06:20-23:00,3.7,,,,,,,,39,,,,,,,,,0
79883b47dfb0ddc6b21e3679,恒记甜品化州糖水(上社店),美食,蛋糕甜品店,广东省,广州市,天河区,广州市天河区口岗新大街26号,79883b47dfb0ddc6b21e3679,1,0,113.374847,23.140703,13719495579,cater,http://api.map.baidu.com/place/detail?uid=79883b47dfb0ddc6b21e3679&output=html&source=placeapi_v2,17.0,11:00-02:00,0,,,,,,,,0,,,,,,,113.3748021469,23.140740706911,0
ca26b9b60f1e2229441a32dd,麦田烘焙工坊,美食,蛋糕甜品店,广东省,广州市,天河区,广东省广州市天河区华景北路117号101铺,ca26b9b60f1e2229441a32dd,1,0,113.366664,23.147663,13822268191,cater,http://api.map.baidu.com/place/detail?uid=ca26b9b60f1e2229441a32dd&output=html&source=placeapi_v2,,07:00-22:30,3.4,,,,,,,,,,,,,,,113.36660088889,23.147489426493,0
833a6dd12913044fc136449f,糕朋满屋(丰乐路店),美食,蛋糕甜品店,广东省,广州市,天河区,广州市天河区棠东丰乐路棠东西侧,833a6dd12913044fc136449f,1,0,113.389862,23.135253,"18207595651,18475940656",cater,http://api.map.baidu.com/place/detail?uid=833a6dd12913044fc136449f&output=html&source=placeapi_v2,,10:00-21:00,3.7,,,,,,,,3,,,,,,,113.38994663547,23.135242917353,0
1c18d95e38a5af1700ec0190,河南脆皮无水蛋糕,美食,蛋糕甜品店,广东省,广州市,天河区,广州市天河区棠下北社大街阳光大厦西南侧,,1,0,113.388469,23.136649,13525786564,cater,http://api.map.baidu.com/place/detail?uid=1c18d95e38a5af1700ec0190&output=html&source=placeapi_v2,,03:00-19:00,,,,,,,,,,,,,,,,113.38853871496,23.136642551291,0
df78545b5c11045ac51e51c9,M.O.S.木私,美食,蛋糕甜品店,广东省,广州市,天河区,广东省广州市天河区华晖街4号沁馥佳苑114号铺,,1,0,113.367436,23.144301,(020)87588534,cater,http://api.map.baidu.com/place/detail?uid=df78545b5c11045ac51e51c9&output=html&source=placeapi_v2,47.0,10:30-20:00,4.3,,,,,,,,,,,,,,,113.36723031269,23.144460587691,0
4e68e69ac6532f1014b54b01,正宗化州甜品(棠下总店),美食,蛋糕甜品店,广东省,广州市,天河区,广东省广州市天河区达善大街79号,4e68e69ac6532f1014b54b01,1,0,113.386702,23.135783,15920369525,cater,http://api.map.baidu.com/place/detail?uid=4e68e69ac6532f1014b54b01&output=html&source=placeapi_v2,15.0,"00:00-02:00,10:00-22:00",4.3,,,,,,,,18,,,,,,,113.3866945692,23.136066776594,0
24c954b1325b266120f01782,司之语日式吐司蛋糕(天府路店),美食,蛋糕甜品店,广东省,广州市,天河区,广东省广州市天河区东晖西街16号首层店铺101号,,1,0,113.36736,23.135719,18520192542,cater,http://api.map.baidu.com/place/detail?uid=24c954b1325b266120f01782&output=html&source=placeapi_v2,,07:30-22:00,3.6,,,,,,,,,,,,,,,,,0
18cc2f11dd3e42ede31103a0,贰舍面包坊,美食,蛋糕甜品店,广东省,广州市,天河区,广东省广州市天河区涌边一横巷7号文昌园c栋,18cc2f11dd3e42ede31103a0,1,0,113.383557,23.130649,,cater,http://api.map.baidu.com/place/detail?uid=18cc2f11dd3e42ede31103a0&output=html&source=placeapi_v2,,07:00-20:00,5,,,,,,,,2,,,,,,,113.38356798813,23.130583142961,0
be8e623e881961c4882fb588,幸运蛋糕(棠东东南店),美食,蛋糕甜品店,广东省,广州市,天河区,广东省广州市天河区东南路33号,,1,0,113.39274,23.133202,13760801563,cater,http://api.map.baidu.com/place/detail?uid=be8e623e881961c4882fb588&output=html&source=placeapi_v2,,06:00-24:00,,,,,,,,,,,,,,,,113.39280057274,23.133202827314,0
1a34d11abeb57909fbdc8500,巧克力奶茶蛋糕,美食,蛋糕甜品店,广东省,广州市,天河区,广东省广州市天河区棠东东路富华新街二巷2号1楼,1a34d11abeb57909fbdc8500,1,0,113.395978,23.136228,13539882528,cater,http://api.map.baidu.com/place/detail?uid=1a34d11abeb57909fbdc8500&output=html&source=placeapi_v2,,08:00-24:00,3.4,,,,,,,,,,,,,,,113.39612321527,23.136138197434,0
9a6af28ecc6ecfadd22dd68a,化州糖水(达善大街店),美食,蛋糕甜品店,广东省,广州市,天河区,广东省广州市天河区达善大街25号,9a6af28ecc6ecfadd22dd68a,1,0,113.386726,23.133704,"13537360388,13620024138",cater,http://api.map.baidu.com/place/detail?uid=9a6af28ecc6ecfadd22dd68a&output=html&source=placeapi_v2,14.0,12:00-01:30,3.9,,,,,,,,7,,,,,,,,,0
00a1fb690c587eb6b4265592,程维饼屋,美食,蛋糕甜品店,广东省,广州市,天河区,广东省广州市天河区南路10号,00a1fb690c587eb6b4265592,1,0,113.382992,23.133821,13660523199,cater,http://api.map.baidu.com/place/detail?uid=00a1fb690c587eb6b4265592&output=html&source=placeapi_v2,,,,,,,,,,,,,,,,,,,,0
a0c5aedc7d21ae44aecb669c,四季糖水(棠东店),美食,蛋糕甜品店,广东省,广州市,天河区,广东省广州市天河区丰乐路33号,,1,0,113.38961,23.133442,13822179586,cater,http://api.map.baidu.com/place/detail?uid=a0c5aedc7d21ae44aecb669c&output=html&source=placeapi_v2,,10:00-01:00,,,,,,,,,,,,,,,,,,0
0e1878dcb4162742a3acc4c0,果汁坊(棠下店),美食,蛋糕甜品店,广东省,广州市,天河区,广东省广州市天河区梅园东九巷1号,0e1878dcb4162742a3acc4c0,1,0,113.387211,23.137644,13710573753,cater,http://api.map.baidu.com/place/detail?uid=0e1878dcb4162742a3acc4c0&output=html&source=placeapi_v2,10.0,11:00-23:00,5,,,,,,,,2,,,,,,,113.38712497702,23.13765766236,0
1761a2c53222874a79dbd2c1,幸福西饼(广州天河华景新城店),美食,蛋糕甜品店,广东省,广州市,天河区,广东省广州市天河区华景路69号华景新城105铺,1761a2c53222874a79dbd2c1,1,0,113.365244,23.144271,18924209142,cater,http://api.map.baidu.com/place/detail?uid=1761a2c53222874a79dbd2c1&output=html&source=placeapi_v2,,08:00-22:00,,,,,,,,,,,,,,,,,,0
a6a24fcd3ed7f1ea9fec2b13,悦心烘焙坊主题蛋糕,美食,蛋糕甜品店,广东省,广州市,天河区,广东省广州市天河区儒林大街1号,a6a24fcd3ed7f1ea9fec2b13,1,0,113.38745,23.131369,13760836473,cater,http://api.map.baidu.com/place/detail?uid=a6a24fcd3ed7f1ea9fec2b13&output=html&source=placeapi_v2,,"07:00-14:00,15:00-22:00",,,,,,,,,,,,,,,,,,0
3854e3e9d51faca288b98861,绿叶居(中山大道西店),美食,蛋糕甜品店,广东省,广州市,天河区,广东省广州市天河区骏景花园绿叶居,3854e3e9d51faca288b98861,1,0,113.38849,23.131103,,cater,http://api.map.baidu.com/place/detail?uid=3854e3e9d51faca288b98861&output=html&source=placeapi_v2,,,,,,,,,,,,,,,,,,,,0
a47a47495e78fa2c7dc876b6,甜在心面包西饼(黄村店),美食,蛋糕甜品店,广东省,广州市,天河区,广东省广州市天河区黄村路30号,a47a47495e78fa2c7dc876b6,1,0,113.416522,23.130649,15814561201,cater,http://api.map.baidu.com/place/detail?uid=a47a47495e78fa2c7dc876b6&output=html&source=placeapi_v2,28.0,00:00-24:00,3.8,,,,,,,,4,,,,,,,113.41651052112,23.130772818345,0
8335090b83bca0669d82eaec,悦香皇蛋糕店,美食,蛋糕甜品店,广东省,广州市,天河区,广东省广州市天河区文华大街十七巷1号,8335090b83bca0669d82eaec,1,0,113.42798,23.130748,13543405991,cater,http://api.map.baidu.com/place/detail?uid=8335090b83bca0669d82eaec&output=html&source=placeapi_v2,,,3.5,,,,,,,,0,,,,,,,113.42777823483,23.130753683735,0
0a955eafd067bc0abe484274,浓心爷爷(中海康城店),美食,蛋糕甜品店,广东省,广州市,天河区,广东省广州市天河区紫罗兰街5号中海康城花园108铺,0a955eafd067bc0abe484274,1,0,113.41133,23.139671,15899978318,cater,http://api.map.baidu.com/place/detail?uid=0a955eafd067bc0abe484274&output=html&source=placeapi_v2,11.0,07:00-22:00,3.7,,,,,,,,2,,,,,,,113.4113056851,23.139896546916,0
3ba72fc253a961c30e3ddacd,球记饼家(吉山工厂店),美食,蛋糕甜品店,广东省,广州市,天河区,广东省广州市天河区灵山东路16号首层,,1,0,113.432482,23.133588,(020)82364983,cater,http://api.map.baidu.com/place/detail?uid=3ba72fc253a961c30e3ddacd&output=html&source=placeapi_v2,10.0,08:00-17:30,3.5,,,,,,,,4,,,,,,,113.43250857061,23.133225727339,0
5f248f756110297ebda24090,韦小宝蛋糕,美食,蛋糕甜品店,广东省,广州市,天河区,广东省广州市天河区上街六巷5号5号之-103房,5f248f756110297ebda24090,1,0,113.434823,23.137054,13682277518,cater,http://api.map.baidu.com/place/detail?uid=5f248f756110297ebda24090&output=html&source=placeapi_v2,,,,,,,,,,,,,,,,,,113.43448084527,23.137390555483,0
9618c0e166d27af0157643b3,超爽甜品(九社新村店),美食,蛋糕甜品店,广东省,广州市,天河区,广东省广州市天河区一巷4号,9618c0e166d27af0157643b3,1,0,113.415535,23.163665,"13580080050,14778187689",cater,http://api.map.baidu.com/place/detail?uid=9618c0e166d27af0157643b3&output=html&source=placeapi_v2,16.0,,,,,,,,,,,,,,,,,,,0
3fb7291c7937406331870ab1,奥丽斯蛋糕坊,美食,蛋糕甜品店,广东省,广州市,天河区,珠吉路吉沥街大淋岗村闸口旁,,1,0,113.440989,23.14557,15817883753,cater,http://api.map.baidu.com/place/detail?uid=3fb7291c7937406331870ab1&output=html&source=placeapi_v2,,,5,,,,,,,,1,,,,,,,113.44095416413,23.145608589088,0
94f1343918af8df2581093b1,百合饼店(黄村店),美食,蛋糕甜品店,广东省,广州市,天河区,广东省广州市天河区荔苑路9号,94f1343918af8df2581093b1,1,0,113.41685,23.132722,"13668937268,18898887211",cater,http://api.map.baidu.com/place/detail?uid=94f1343918af8df2581093b1&output=html&source=placeapi_v2,,06:00-24:00,0,,,,,,,,1,,,,,,,113.41685606332,23.132658338431,0
6312651301739a72f33cba1d,粤爱粤美生日蛋糕,美食,蛋糕甜品店,广东省,广州市,天河区,广州市天河区庙元东大街黄村围福里,,1,0,113.422714,23.131365,,cater,http://api.map.baidu.com/place/detail?uid=6312651301739a72f33cba1d&output=html&source=placeapi_v2,,,,,,,,,,,,,,,,,,113.42280690164,23.131501330236,0
dcdd28bc8070c764e81e97ed,怡茶,美食,蛋糕甜品店,广东省,广州市,天河区,广州市天河区黄村东路广骏公寓对面,dcdd28bc8070c764e81e97ed,1,0,113.422317,23.130725,19802099161,cater,http://api.map.baidu.com/place/detail?uid=dcdd28bc8070c764e81e97ed&output=html&source=placeapi_v2,,,3.5,,,,,,,2,0,,,,,,,,,0
2fe7a7f9961ba142e8e58272,化州超润糖水城(私利华联店),美食,蛋糕甜品店,广东省,广州市,天河区,广东省广州市天河区合景路89号,2fe7a7f9961ba142e8e58272,1,0,113.412166,23.161301,13660392527,cater,http://api.map.baidu.com/place/detail?uid=2fe7a7f9961ba142e8e58272&output=html&source=placeapi_v2,22.0,10:00-23:00,3.1,,,,,,,,,,,,,,,113.41220356302,23.161194220734,0
1c4c498cb4b5c7d395f08cf8,超润甜品(新塘旗舰店),美食,蛋糕甜品店,广东省,广州市,天河区,广东省广州市天河区长庚大街25号,,1,0,113.418215,23.164289,13662461740,cater,http://api.map.baidu.com/place/detail?uid=1c4c498cb4b5c7d395f08cf8&output=html&source=placeapi_v2,,,,,,,,,,,,,,,,,,113.41803904095,23.164419026461,0
cc41e850f6582c6b08ccdd02,尚宁面包蛋糕店,美食,蛋糕甜品店,广东省,广州市,黄埔区,广州市黄埔区长盛街林和实验幼儿园西北侧约90米,cc41e850f6582c6b08ccdd02,1,0,113.465527,23.139897,"13418034025,13678938878",cater,http://api.map.baidu.com/place/detail?uid=cc41e850f6582c6b08ccdd02&output=html&source=placeapi_v2,,09:34-18:34,5,,,,,,,,1,,,,,,,,,0
aa914addfa561129a2d23007,纯味阁面包店,美食,蛋糕甜品店,广东省,广州市,黄埔区,广东省广州市黄埔区大街一巷6号,aa914addfa561129a2d23007,1,0,113.459206,23.144031,13822143479,cater,http://api.map.baidu.com/place/detail?uid=aa914addfa561129a2d23007&output=html&source=placeapi_v2,28.0,06:00-23:00,,,,,,,,,,,,,,,,113.45933348946,23.144075779534,0
382692940e8c356b78f79697,含香阁面包店,美食,蛋糕甜品店,广东省,广州市,黄埔区,广东省广州市黄埔区新东街63号,382692940e8c356b78f79697,1,0,113.467981,23.152591,15915846596,cater,http://api.map.baidu.com/place/detail?uid=382692940e8c356b78f79697&output=html&source=placeapi_v2,,08:00-22:00,3.5,,,,,,,,0,,,,,,,,,0
967c0b6c88cafeab8b2fb528,幸福西饼生日蛋糕(珠吉店),美食,蛋糕甜品店,广东省,广州市,天河区,广东省广州市天河区岐岗路360号b栋205房,,1,0,113.450107,23.144659,"13533617775,19128208942",cater,http://api.map.baidu.com/place/detail?uid=967c0b6c88cafeab8b2fb528&output=html&source=placeapi_v2,,09:00-23:00,3.7,,,,,,,,,,,,,,,113.45019445439,23.14460359616,0
1da9a0032e1099083a13fd3e,百姓坊(科学城佳大公寓店),美食,蛋糕甜品店,广东省,广州市,黄埔区,黄埔区科学城南云三路科学城佳大公寓,1da9a0032e1099083a13fd3e,1,0,113.454036,23.159392,4001898517,cater,http://api.map.baidu.com/place/detail?uid=1da9a0032e1099083a13fd3e&output=html&source=placeapi_v2,,08:00-18:00,3.4,,,,,,,,,,,,,,,113.45401821486,23.159558968871,0
6ff0fb29ee046b5b4d2fdf01,遇见烘焙坊,美食,蛋糕甜品店,广东省,广州市,黄埔区,广东省广州市黄埔区新东街100号,,1,0,113.468012,23.154267,15360897427,cater,http://api.map.baidu.com/place/detail?uid=6ff0fb29ee046b5b4d2fdf01&output=html&source=placeapi_v2,,,,,,,,,,,,,,,,,,113.46804928789,23.154237400714,0
3619647ff9eb8203d0ff233d,化州六月雪甜品城,美食,蛋糕甜品店,广东省,广州市,黄埔区,广东省广州市黄埔区碧山大街21号,3619647ff9eb8203d0ff233d,1,0,113.466982,23.130576,15307596622,cater,http://api.map.baidu.com/place/detail?uid=3619647ff9eb8203d0ff233d&output=html&source=placeapi_v2,,10:00-23:00,,,,,,,,,,,,,,,,113.4670333349,23.130575567073,0
8248aee066b20330fda778a2,桐心食光.蛋糕.茶歇定制,美食,蛋糕甜品店,广东省,广州市,黄埔区,黄埔区颂贤街3号111,,1,0,113.553793,23.148054,18589093640,cater,http://api.map.baidu.com/place/detail?uid=8248aee066b20330fda778a2&output=html&source=placeapi_v2,,10:00-22:00,,,,,,,,,,,,,,,,,,0
64ff3be1f4a222a291114cb4,甜橘烘焙,美食,蛋糕甜品店,广东省,广州市,增城区,广东省广州市增城区商业街209~210号,64ff3be1f4a222a291114cb4,1,0,113.594574,23.142673,(020)82807759,cater,http://api.map.baidu.com/place/detail?uid=64ff3be1f4a222a291114cb4&output=html&source=placeapi_v2,32.0,06:30-23:00,4.5,,,,,,,,14,,,,,,,,,0
d2f68cd939b70b5d6c476042,荷姨糖水店(华兴市场店),美食,蛋糕甜品店,广东省,广州市,增城区,广东省广州市增城区永宁街华兴商贸综合市场F幢1号,d2f68cd939b70b5d6c476042,1,0,113.607304,23.144305,13560120536,cater,http://api.map.baidu.com/place/detail?uid=d2f68cd939b70b5d6c476042&output=html&source=placeapi_v2,,09:30-18:30,3.6,,,,,,,,0,,,,,,,,,0
360572f1b4c9062bbca822cf,化州耀发糖水店,美食,蛋糕甜品店,广东省,广州市,增城区,广东省广州市增城区金都路19号,360572f1b4c9062bbca822cf,1,0,113.622725,23.137936,13710420436,cater,http://api.map.baidu.com/place/detail?uid=360572f1b4c9062bbca822cf&output=html&source=placeapi_v2,,06:00-24:00,0,,,,,,,,0,,,,,,,113.62275545199,23.137861367113,0
f9404a13f8d2d2e3ae31e5aa,麦健龙糖水甜品铺,美食,蛋糕甜品店,广东省,广州市,增城区,广东省广州市增城区新塘镇亚泰新城富丽园第三幢太荔路76号商铺,f9404a13f8d2d2e3ae31e5aa,1,0,113.615494,23.132825,18028564702,cater,http://api.map.baidu.com/place/detail?uid=f9404a13f8d2d2e3ae31e5aa&output=html&source=placeapi_v2,13.0,08:00-24:00,3.6,,,,,,,,0,,,,,,,113.61549504503,23.132786253475,0
f0d71b25e63503c8c4f02573,青柠休闲吧,美食,蛋糕甜品店,广东省,广州市,增城区,广州市增城区汇太中路新塘亚太新城富华苑东北侧,f0d71b25e63503c8c4f02573,1,0,113.617696,23.13413,13828468785,cater,http://api.map.baidu.com/place/detail?uid=f0d71b25e63503c8c4f02573&output=html&source=placeapi_v2,,,,,,,,,,,,,,,,,,113.61760719844,23.134078332677,0
39628fab2bae1ab901294f1e,悦伴手制甜品(凤凰城店),美食,蛋糕甜品店,广东省,广州市,增城区,广东省广州市增城区永宁街长岗村新村街东四巷4号101房,,1,0,113.609043,23.146009,18102653930,cater,http://api.map.baidu.com/place/detail?uid=39628fab2bae1ab901294f1e&output=html&source=placeapi_v2,,11:00-21:00,3.5,,,,,,,,,,,,,,,,,0
69c5da0b73c0808535b06c0a,金銮掂(亚太店),美食,蛋糕甜品店,广东省,广州市,增城区,广东省广州市增城区亚太新城富群苑一街14号首层,69c5da0b73c0808535b06c0a,1,0,113.616521,23.134874,13928700503,cater,http://api.map.baidu.com/place/detail?uid=69c5da0b73c0808535b06c0a&output=html&source=placeapi_v2,,11:00-24:00,3.5,,,,,,,,,,,,,,,,,0
1fbcfa24b33a910385420ed6,荣兴饼家(雅瑶大道店),美食,蛋糕甜品店,广东省,广州市,增城区,广东省广州市增城区雅瑶大道77号,1fbcfa24b33a910385420ed6,1,0,113.666292,23.162405,(020)82956433,cater,http://api.map.baidu.com/place/detail?uid=1fbcfa24b33a910385420ed6&output=html&source=placeapi_v2,20.0,06:00-24:00,3.4,,,,,,,,1,,,,,,,113.66633470015,23.162397854795,0
0e0aaf2f89c6ee164c3a59c9,陆月甜品,美食,蛋糕甜品店,广东省,东莞市,,广东省东莞市中堂镇商业街36号,,1,0,113.746763,23.131792,15999765154,cater,http://api.map.baidu.com/place/detail?uid=0e0aaf2f89c6ee164c3a59c9&output=html&source=placeapi_v2,,13:30-23:00,3.4,,,,,,,,,,,,,,,113.74670907198,23.131980215575,0
e2f43511fbb4b5790869d96f,手作的甜品,美食,蛋糕甜品店,广东省,东莞市,,东莞市潢涌商业路潢涌公寓,e2f43511fbb4b5790869d96f,1,0,113.747682,23.131934,(0769)81739539,cater,http://api.map.baidu.com/place/detail?uid=e2f43511fbb4b5790869d96f&output=html&source=placeapi_v2,,,,,,,,,,,,,,,,,,,,0
f903bf20a0e5c54e430245a6,地下铁(潢涌公寓店),美食,蛋糕甜品店,广东省,东莞市,,广东省东莞市铁潢涌农民公寓1期14号铺,f903bf20a0e5c54e430245a6,1,0,113.745849,23.131455,(0769)88180317,cater,http://api.map.baidu.com/place/detail?uid=f903bf20a0e5c54e430245a6&output=html&source=placeapi_v2,17.0,13:00-23:30,3.5,,,,,,,,0,,,,,,,113.74575549104,23.131744974502,0
3530840b9b797ad58505bfc9,CHOIS COFFEE(远景路店),美食,蛋糕甜品店,广东省,广州市,白云区,广州市白云区棠景街远景路三社1号,3530840b9b797ad58505bfc9,1,0,113.261141,23.178838,(020)86272081,cater,http://api.map.baidu.com/place/detail?uid=3530840b9b797ad58505bfc9&output=html&source=placeapi_v2,33.0,08:30-01:00,3.9,,,,,,,,9,,,,,,,113.26116659335,23.178688025317,0
f50a36383b8f1d10c51e5165,清心堂凉茶(岗贝路店),美食,蛋糕甜品店,广东省,广州市,白云区,广东省广州市白云区岗贝路40号,f50a36383b8f1d10c51e5165,1,0,113.264727,23.186181,18617328862,cater,http://api.map.baidu.com/place/detail?uid=f50a36383b8f1d10c51e5165&output=html&source=placeapi_v2,10.0,10:30-24:00,3.5,,,,,,,,14,,,,,,,113.26474383992,23.186267651786,0
2ad32cc3ace7c0969c95dee9,利口福(机场西店),美食,蛋糕甜品店,广东省,广州市,白云区,广东广州市白云区机场西远景路时代商业中心A栋101铺,2ad32cc3ace7c0969c95dee9,1,0,113.263209,23.179009,(020)22858158,cater,http://api.map.baidu.com/place/detail?uid=2ad32cc3ace7c0969c95dee9&output=html&source=placeapi_v2,9.0,07:00-23:00,3.4,,,,,,,,4,,,,,,,113.26319835111,23.178860941749,0
2ad32cc3aca0c0969c95deb0,大卡司(棠景店),美食,蛋糕甜品店,广东省,广州市,白云区,广东省广州市白云区棠景路5号,2ad32cc3aca0c0969c95deb0,1,0,113.258211,23.179436,(020)86270806,cater,http://api.map.baidu.com/place/detail?uid=2ad32cc3aca0c0969c95deb0&output=html&source=placeapi_v2,15.0,10:00-24:00,3.4,,,,,,,,10,,,,,,,113.2581981392,23.179301269051,0
dc5a9b88369016d5cb213d84,利口福(乐嘉店),美食,蛋糕甜品店,广东省,广州市,白云区,广东广州市白云区乐嘉路62号,dc5a9b88369016d5cb213d84,1,0,113.263765,23.173926,(020)86342631,cater,http://api.map.baidu.com/place/detail?uid=dc5a9b88369016d5cb213d84&output=html&source=placeapi_v2,23.0,07:00-22:00,3.5,,,,,,,,2,,,,,,,113.26374157082,23.174040682453,0
1b5fd9d95bfe838f25e0a085,化州糖水店(棠下中街店),美食,蛋糕甜品店,广东省,广州市,白云区,广东省广州市白云区棠下中街26号,1b5fd9d95bfe838f25e0a085,1,0,113.261268,23.180873,,cater,http://api.map.baidu.com/place/detail?uid=1b5fd9d95bfe838f25e0a085&output=html&source=placeapi_v2,12.0,12:00-24:00,0,,,,,,,,0,,,,,,,113.2611698515,23.180881117686,0
c26b531605fee3db0b1cc763,六月雪甜品(棠溪大围鸭乸塘北街店),美食,蛋糕甜品店,广东省,广州市,白云区,广东省广州市白云区三段1楼,c26b531605fee3db0b1cc763,1,0,113.251494,23.184063,,cater,http://api.map.baidu.com/place/detail?uid=c26b531605fee3db0b1cc763&output=html&source=placeapi_v2,,,,,,,,,,,,,,,,,,,,0
ed43f40dac51393059bbbcfb,九街甜品(沙涌北旗航店),美食,蛋糕甜品店,广东省,广州市,白云区,广东省广州市白云区沙涌北大街12号,,1,0,113.25755,23.175116,13138703870,cater,http://api.map.baidu.com/place/detail?uid=ed43f40dac51393059bbbcfb&output=html&source=placeapi_v2,,12:00-03:00,3.5,,,,,,,,1,,,,,,,,,0
11e985c50b1afaac2fb908d4,爽爽甜品(横滘店),美食,蛋糕甜品店,广东省,广州市,白云区,横滘新南二路23号,11e985c50b1afaac2fb908d4,1,0,113.247612,23.175988,,cater,http://api.map.baidu.com/place/detail?uid=11e985c50b1afaac2fb908d4&output=html&source=placeapi_v2,,,0,,,,,,,,0,,,,,,,,,0
060f5e539a76a9ce081cc74c,面包新语(5号停机坪店),美食,蛋糕甜品店,广东省,广州市,白云区,广州市白云区云霄路353号5号停机坪购物广场F1,060f5e539a76a9ce081cc74c,1,0,113.270901,23.185619,(020)36076221,cater,http://api.map.baidu.com/place/detail?uid=060f5e539a76a9ce081cc74c&output=html&source=placeapi_v2,23.0,10:00-22:00,3.8,,,,,,,,150,,,,,,,113.27121235414,23.185732175528,0
b898c6a64ddb3db1c2f1cf78,古老东方(棠溪店),美食,蛋糕甜品店,广东省,广州市,白云区,广东省广州市白云区祥岗西街8号,b898c6a64ddb3db1c2f1cf78,1,0,113.257561,23.185163,13533851868,cater,http://api.map.baidu.com/place/detail?uid=b898c6a64ddb3db1c2f1cf78&output=html&source=placeapi_v2,8.0,04:30-20:00,3.5,,,,,,,,0,,,,,,,113.25764601907,23.185237076633,0
2e984fed9a8dcd6c38e4a641,美心西饼(卜蜂莲花店),美食,蛋糕甜品店,广东省,广州市,白云区,广东省广州市白云区三元里大道306~308号卜蜂莲花超市1楼,2e984fed9a8dcd6c38e4a641,1,0,113.263508,23.166926,(020)86586109,cater,http://api.map.baidu.com/place/detail?uid=2e984fed9a8dcd6c38e4a641&output=html&source=placeapi_v2,37.0,08:00-22:00,3.9,,,,,,,,0,,,,,,,113.26281244265,23.167150858973,0
90a9849da481db275e0d02f3,美心西饼(凯德广场云城西路店),美食,蛋糕甜品店,广东省,广州市,白云区,广州市白云区云城西路890号凯德广场B2,90a9849da481db275e0d02f3,1,0,113.276248,23.186817,(020)36487726,cater,http://api.map.baidu.com/place/detail?uid=90a9849da481db275e0d02f3&output=html&source=placeapi_v2,120.0,10:00-22:00,3.8,,,,,,,,2,,,,,,,113.27710248638,23.187939063382,0
537b70d7a8c2c14288b98809,老香港纯手工蛋糕(三元里店),美食,蛋糕甜品店,广东省,广州市,越秀区,广东省广州市越秀区三元里大道423号自编A-4档,537b70d7a8c2c14288b98809,1,0,113.261826,23.167396,18770805486,cater,http://api.map.baidu.com/place/detail?uid=537b70d7a8c2c14288b98809&output=html&source=placeapi_v2,13.0,07:00-24:00,3.5,,,,,,,,0,,,,,,,113.26190678451,23.167495982092,0
bdfedf1e849ecdd3d42ce24b,壹品糖港式甜品(上步村店),美食,蛋糕甜品店,广东省,广州市,白云区,广东省广州市白云区上步大街12号101房,bdfedf1e849ecdd3d42ce24b,1,0,113.245919,23.17457,17875725233,cater,http://api.map.baidu.com/place/detail?uid=bdfedf1e849ecdd3d42ce24b&output=html&source=placeapi_v2,16.0,11:00-24:00,3.5,,,,,,,,17,,,,,,,113.24599114558,23.174671373148,0
9624c8c1f60fcab2343a71a0,欧风麦甜(新市店),美食,蛋糕甜品店,广东省,广州市,白云区,广州市白云区云城街萧岗米机桥西路北20号,9624c8c1f60fcab2343a71a0,1,0,113.271941,23.197004,13650788778,cater,http://api.map.baidu.com/place/detail?uid=9624c8c1f60fcab2343a71a0&output=html&source=placeapi_v2,,06:00-23:30,3.5,,,,,,,,1,,,,,,,,,0
844a750e236202a0636858f0,清心糖水城(新市店),美食,蛋糕甜品店,广东省,广州市,白云区,广东省广州市白云区新市新街20号之103室,844a750e236202a0636858f0,1,0,113.264644,23.197277,"13602715228,15302222564",cater,http://api.map.baidu.com/place/detail?uid=844a750e236202a0636858f0&output=html&source=placeapi_v2,15.0,06:30-20:30,3.6,,,,,,,,19,,,,,,,,,0
c0eaff9d21fc3b314251c0f6,CoCo都可(白云凯德店),美食,蛋糕甜品店,广东省,广州市,白云区,广州市白云区云城西路890号凯德广场F5,c0eaff9d21fc3b314251c0f6,1,0,113.275853,23.18709,18320105642,cater,http://api.map.baidu.com/place/detail?uid=c0eaff9d21fc3b314251c0f6&output=html&source=placeapi_v2,14.0,10:00-22:00,4.2,,,,,,,,1,,,,,,,113.27710248638,23.187939063382,0
9c324a06742a16c2db13181d,梦幻工房(金钟横路店),美食,蛋糕甜品店,广东省,广州市,白云区,广东省广州市白云区金钟横路238号101房,9c324a06742a16c2db13181d,1,0,113.27447,23.174585,(020)36298180,cater,http://api.map.baidu.com/place/detail?uid=9c324a06742a16c2db13181d&output=html&source=placeapi_v2,37.0,08:00-23:00,4.0,,,,,,,,2,,,,,,,113.27449198901,23.174637035682,0
18f0684479c6dc214bcc4afe,1点点(白云万达店),美食,蛋糕甜品店,广东省,广州市,白云区,广东省广州市白云区三元里街道机场第三社区云城东路501号万达广场F1,18f0684479c6dc214bcc4afe,1,0,113.272782,23.178908,(020)36689920,cater,http://api.map.baidu.com/place/detail?uid=18f0684479c6dc214bcc4afe&output=html&source=placeapi_v2,14.0,10:30-22:00,3.5,,,,,,,,0,,,,,,,113.272415,23.176942011902,0
465bcdf18587f381c72ba117,纯手工甜品,美食,蛋糕甜品店,广东省,广州市,白云区,广东省广州市白云区同德街道西槎路667号中兆集团大厦甜工馆纯手工甜品,,1,0,113.243747,23.183914,,cater,http://api.map.baidu.com/place/detail?uid=465bcdf18587f381c72ba117&output=html&source=placeapi_v2,,,,,,,,,,,,,,,,,,113.24392300016,23.183696012004,0
e94acc05712a7902a6da39b9,佳麦饼店(新市店),美食,蛋糕甜品店,广东省,广州市,白云区,广东省广州市白云区棠涌直巷8号,e94acc05712a7902a6da39b9,1,0,113.262581,23.197314,15975398310,cater,http://api.map.baidu.com/place/detail?uid=e94acc05712a7902a6da39b9&output=html&source=placeapi_v2,10.0,06:00-24:00,0,,,,,,,,1,,,,,,,,,0
74c8ba96a3a773dd9e09f705,88糖水,美食,蛋糕甜品店,广东省,广州市,白云区,广东省广州市白云区新市街18号,74c8ba96a3a773dd9e09f705,1,0,113.261736,23.19726,,cater,http://api.map.baidu.com/place/detail?uid=74c8ba96a3a773dd9e09f705&output=html&source=placeapi_v2,,,,,,,,,,,,,,,,,,,,0
7bbe5e34d66109eb88f15da6,氽仙甜品,美食,蛋糕甜品店,广东省,广州市,越秀区,广州市越秀区瑶华街辽宁大厦,7bbe5e34d66109eb88f15da6,1,0,113.261306,23.167474,,cater,http://api.map.baidu.com/place/detail?uid=7bbe5e34d66109eb88f15da6&output=html&source=placeapi_v2,,,,,,,,,,,,,,,,,,113.26120549806,23.16757425091,0
6b81a761e09548c10d3dda06,葡点(广园新村店),美食,蛋糕甜品店,广东省,广州市,白云区,广园路广园新村西八巷4号101之二,6b81a761e09548c10d3dda06,1,0,113.274889,23.169695,(020)86553156,cater,http://api.map.baidu.com/place/detail?uid=6b81a761e09548c10d3dda06&output=html&source=placeapi_v2,28.0,10:30-20:30,5,,,,,,,,4,,,,,,,113.27486585119,23.169627791607,0
6d9feabaced706d930169b89,六月雪台湾刨冰冰冻糖水(松柏大街店),美食,蛋糕甜品店,广东省,广州市,白云区,广东省广州市白云区二十五巷1号,6d9feabaced706d930169b89,1,0,113.271435,23.168086,13242833752,cater,http://api.map.baidu.com/place/detail?uid=6d9feabaced706d930169b89&output=html&source=placeapi_v2,8.0,10:00-21:00,5,,,,,,,,1,,,,,,,113.27141559447,23.168653960117,0
415d5ffb9e96e330c26c14ae,奥香帝(横滘店),美食,蛋糕甜品店,广东省,广州市,白云区,广东省广州市白云区横滘大道196总站对面,415d5ffb9e96e330c26c14ae,1,0,113.245746,23.17893,(020)86175396,cater,http://api.map.baidu.com/place/detail?uid=415d5ffb9e96e330c26c14ae&output=html&source=placeapi_v2,13.0,06:00-23:00,3.6,,,,,,,,1,,,,,,,113.24573480961,23.179050117539,0
4ce10ce67e3a8eb8451a32e1,甜速站,美食,蛋糕甜品店,广东省,广州市,白云区,广东省广州市白云区云城东路515-517号广州白云万达希尔顿酒店1楼,4ce10ce67e3a8eb8451a32e1,1,0,113.275425,23.18208,(020)66600666,cater,http://api.map.baidu.com/place/detail?uid=4ce10ce67e3a8eb8451a32e1&output=html&source=placeapi_v2,70.0,,0,,,,,,,,0,,,,,,,113.27553669316,23.182298110959,0
070004ea40891e4a9e82ead0,徐其修凉茶(新市南街店),美食,蛋糕甜品店,广东省,广州市,白云区,广东省广州市白云区新市南路柿子园小区(新市天地附近),070004ea40891e4a9e82ead0,1,0,113.271039,23.196978,,cater,http://api.map.baidu.com/place/detail?uid=070004ea40891e4a9e82ead0&output=html&source=placeapi_v2,12.0,10:00-22:00,0,,,,,,,,2,,,,,,,,,0
88a179abca4d2f78e31103d7,麦语家园(三元里店),美食,蛋糕甜品店,广东省,广州市,白云区,广东省广州市白云区世康大街96号,88a179abca4d2f78e31103d7,1,0,113.264,23.164239,(020)86557785,cater,http://api.map.baidu.com/place/detail?uid=88a179abca4d2f78e31103d7&output=html&source=placeapi_v2,15.0,06:00-24:00,3.4,,,,,,,,1,,,,,,,113.26399732814,23.164201324688,0
36dc25fe773b49d517c8f627,金麦烘焙(元岗路店),美食,蛋糕甜品店,广东省,广州市,天河区,广州市天河区元岗路310号,36dc25fe773b49d517c8f627,1,0,113.347929,23.179926,13602832799,cater,http://api.map.baidu.com/place/detail?uid=36dc25fe773b49d517c8f627&output=html&source=placeapi_v2,23.0,10:00-22:00,3.6,,,,,,,,6,,,,,,,113.34804178387,23.179883050677,0
83170559d4ae2589ab059d92,佳麦饼店(河水一店),美食,蛋糕甜品店,广东省,广州市,天河区,广东省广州市天河区沙太南路河水大街4号,83170559d4ae2589ab059d92,1,0,113.338383,23.17896,"(020)29015733,13428831933",cater,http://api.map.baidu.com/place/detail?uid=83170559d4ae2589ab059d92&output=html&source=placeapi_v2,12.0,06:00-24:00,3.7,,,,,,,,32,,,,,,,,,0
f75ff924ec59c786a1a9343a,Meel蛋糕甜品面包饮料,美食,蛋糕甜品店,广东省,广州市,白云区,广东省广州市白云区云景路100号,,1,0,113.338492,23.18923,18588724551,cater,http://api.map.baidu.com/place/detail?uid=f75ff924ec59c786a1a9343a&output=html&source=placeapi_v2,29.0,09:00-21:00,5,,,,,,,,1,,,,,,,113.33865505633,23.189388702883,0
84a1e3feae968868902ca3ef,稻香鸽(同和店),美食,蛋糕甜品店,广东省,广州市,白云区,广东省广州市白云区京溪路208号,84a1e3feae968868902ca3ef,1,0,113.33761,23.186493,(020)31529920,cater,http://api.map.baidu.com/place/detail?uid=84a1e3feae968868902ca3ef&output=html&source=placeapi_v2,56.0,"11:00-14:00,17:00-21:00",3.6,,,,,,,,1,,,,,,,113.33770362683,23.186703651273,0
e5ab58987f7083f76fc02cac,有家面包(远洋天骄店),美食,蛋糕甜品店,广东省,广州市,天河区,广东省广州市天河区元京路4号远洋天骄广场4-118铺,e5ab58987f7083f76fc02cac,1,0,113.343012,23.179779,,cater,http://api.map.baidu.com/place/detail?uid=e5ab58987f7083f76fc02cac&output=html&source=placeapi_v2,15.0,10:00-22:00,3.7,,,,,,,,0,,,,,,,113.34308069586,23.180100568943,0
d3b9c0d7403e5adb631c67d1,大麦蛋糕店,美食,蛋糕甜品店,广东省,广州市,天河区,广州市天河区河水东大街河水东工业园,,1,0,113.34152,23.177641,,cater,http://api.map.baidu.com/place/detail?uid=d3b9c0d7403e5adb631c67d1&output=html&source=placeapi_v2,,,,,,,,,,,,,,,,,,,,0
31583dc50d954ba160180949,包满意蛋糕(天河店),美食,蛋糕甜品店,广东省,广州市,天河区,天河区元岗南路13-15号自编B座105,,1,0,113.35019,23.178088,,cater,http://api.map.baidu.com/place/detail?uid=31583dc50d954ba160180949&output=html&source=placeapi_v2,,,4.0,,,,,,,,24,,,,,,,,,0
ad27347686be041e3586f433,甜聚甜品,美食,蛋糕甜品店,广东省,广州市,天河区,广东省广州市天河区元岗街道6巷7号,ad27347686be041e3586f433,1,0,113.348169,23.181995,13726784353,cater,http://api.map.baidu.com/place/detail?uid=ad27347686be041e3586f433&output=html&source=placeapi_v2,8.0,11:00-23:00,5,,,,,,,,1,,,,,,,,,0
798ac77ce4e49e1f9b68b42e,化州糖水(京溪店),美食,蛋糕甜品店,广东省,广州市,白云区,广东省广州市白云区牛利岗大街78号,798ac77ce4e49e1f9b68b42e,1,0,113.337239,23.185615,"13528252274,13751860021",cater,http://api.map.baidu.com/place/detail?uid=798ac77ce4e49e1f9b68b42e&output=html&source=placeapi_v2,,11:00-01:00,3.6,,,,,,,,,,,,,,,,,0
9e450b020f99ff2df02d837b,美心西饼(天河客运站店),美食,蛋糕甜品店,广东省,广州市,天河区,广东省广州市天河区长兴路13号,9e450b020f99ff2df02d837b,1,0,113.350812,23.176935,(020)38455670,cater,http://api.map.baidu.com/place/detail?uid=9e450b020f99ff2df02d837b&output=html&source=placeapi_v2,59.0,07:30-20:30,3.7,,,,,,,,1,,,,,,,113.35029176788,23.176986638858,0
8593403d1e3d2dbbbea24080,德美思蛋糕(广州店),美食,蛋糕甜品店,广东省,广州市,天河区,广东省广州市天河区白沙水路67号4楼401室,8593403d1e3d2dbbbea24080,1,0,113.355992,23.183381,18122159705,cater,http://api.map.baidu.com/place/detail?uid=8593403d1e3d2dbbbea24080&output=html&source=placeapi_v2,71.0,08:00-21:30,3.6,,,,,,,,0,,,,,,,113.355946955,23.183451693814,0
db5bd9fa9eff70ecbfa82205,美心西饼(优托邦长兴路店),美食,蛋糕甜品店,广东省,广州市,天河区,广州市天河区长兴路13号优托邦F1,db5bd9fa9eff70ecbfa82205,1,0,113.354315,23.175369,(020)87241005,cater,http://api.map.baidu.com/place/detail?uid=db5bd9fa9eff70ecbfa82205&output=html&source=placeapi_v2,10.0,08:00-22:30,3.6,,,,,,,,0,,,,,,,113.35396974145,23.175221067242,0
3314f2deafbbce724207c1a5,利口福(沙太南店),美食,蛋糕甜品店,广东省,广州市,天河区,广东省广州市天河区沙太南路133-5号,3314f2deafbbce724207c1a5,1,0,113.332706,23.174626,(020)87708422,cater,http://api.map.baidu.com/place/detail?uid=3314f2deafbbce724207c1a5&output=html&source=placeapi_v2,23.0,09:00-22:00,0,,,,,,,,0,,,,,,,113.33285952784,23.174566452306,0
ac133bc8ce960e7dcb213ddd,超润甜品(元岗店),美食,蛋糕甜品店,广东省,广州市,天河区,广东省广州市天河区和平巷1号101铺,ac133bc8ce960e7dcb213ddd,1,0,113.349761,23.182344,"13652514378,13678977285",cater,http://api.map.baidu.com/place/detail?uid=ac133bc8ce960e7dcb213ddd&output=html&source=placeapi_v2,14.0,10:00-01:00,5,,,,,,,,1,,,,,,,113.3498314465,23.18219893838,0
bb0ca5f4f0e26216f50e777a,麦伦酥蛋糕店(长湴村北街店),美食,蛋糕甜品店,广东省,广州市,天河区,广东省广州市天河区长湴北街38号,bb0ca5f4f0e26216f50e777a,1,0,113.357583,23.180361,"13533776931,18211573632",cater,http://api.map.baidu.com/place/detail?uid=bb0ca5f4f0e26216f50e777a&output=html&source=placeapi_v2,33.0,08:30-21:00,3.5,,,,,,,,0,,,,,,,,,0
2fa48f16eba8f7a22d473327,甜蜜时光diy蛋糕烘焙坊(元岗店),美食,蛋糕甜品店,广东省,广州市,天河区,广东省广州市天河区东头岗一巷7号102铺,2fa48f16eba8f7a22d473327,1,0,113.351587,23.18216,13711739767,cater,http://api.map.baidu.com/place/detail?uid=2fa48f16eba8f7a22d473327&output=html&source=placeapi_v2,,07:00-24:00,3.6,,,,,,,,,,,,,,,113.35177021975,23.182053337714,0
dfe070928c73a8e871455bfe,绿贝烘焙(长湴村第一分店),美食,蛋糕甜品店,广东省,广州市,天河区,广州市天河区长湴西大街7巷1号,dfe070928c73a8e871455bfe,1,0,113.356719,23.177069,15018415857,cater,http://api.map.baidu.com/place/detail?uid=dfe070928c73a8e871455bfe&output=html&source=placeapi_v2,28.0,06:00-24:00,3.7,,,,,,,,5,,,,,,,113.35664480004,23.177034611468,0
83de1363c39651189d95de0a,燊麦园面包蛋糕,美食,蛋糕甜品店,广东省,广州市,天河区,广东省广州市天河区牛利岗南街52号288档,83de1363c39651189d95de0a,1,0,113.331646,23.172996,13128265616,cater,http://api.map.baidu.com/place/detail?uid=83de1363c39651189d95de0a&output=html&source=placeapi_v2,,,3.5,,,,,,,,0,,,,,,,113.33169082429,23.173113893734,0
6616a9c4b963a51e631c6795,麦琪尔蛋糕坊,美食,蛋糕甜品店,广东省,广州市,白云区,广东省广州市白云区中成路100号南苑05档,6616a9c4b963a51e631c6795,1,0,113.348272,23.191734,19898682960,cater,http://api.map.baidu.com/place/detail?uid=6616a9c4b963a51e631c6795&output=html&source=placeapi_v2,,,3.4,,,,,,,,0,,,,,,,113.34825941814,23.191673571835,0
4f2f167035ab4c78eaf8531a,麦苏蛋糕,美食,蛋糕甜品店,广东省,广州市,天河区,广东省广州市天河区银定塘后街90-96号首层自编23号,4f2f167035ab4c78eaf8531a,1,0,113.340796,23.164921,"13719404398,13922421099",cater,http://api.map.baidu.com/place/detail?uid=4f2f167035ab4c78eaf8531a&output=html&source=placeapi_v2,,08:00-24:00,0,,,,,,,,0,,,,,,,,,0
dbacefad0652b5f02b201af2,幸福益嘉蛋糕店,美食,蛋糕甜品店,广东省,广州市,白云区,广东广州市白云区京溪路83号,dbacefad0652b5f02b201af2,1,0,113.335406,23.188438,15012431103,cater,http://api.map.baidu.com/place/detail?uid=dbacefad0652b5f02b201af2&output=html&source=placeapi_v2,10.0,00:00-24:00,0,,,,,,,,0,,,,,,,,,0
035c13a65f90ecc7c27da2d3,麦语家园(白水塘店),美食,蛋糕甜品店,广东省,广州市,白云区,广东省广州市白云区瑞祥楼西街23号,035c13a65f90ecc7c27da2d3,1,0,113.338554,23.195852,13711156344,cater,http://api.map.baidu.com/place/detail?uid=035c13a65f90ecc7c27da2d3&output=html&source=placeapi_v2,22.0,06:00-24:00,3.5,,,,,,,,2,,,,,,,113.33854408955,23.196004702402,0
7819c028b908eb81d6b74ec5,利口福(梅花园店),美食,蛋糕甜品店,广东省,广州市,白云区,广东省广州市白云区广州市白云区怡新路56号自编之二房,7819c028b908eb81d6b74ec5,1,0,113.328746,23.181289,18824119538,cater,http://api.map.baidu.com/place/detail?uid=7819c028b908eb81d6b74ec5&output=html&source=placeapi_v2,31.0,07:00-22:00,3.6,,,,,,,,0,,,,,,,,,0
98d46c64e54b4c37c8213d49,广隆蛋挞王(长兴路店),美食,蛋糕甜品店,广东省,广州市,天河区,广东省广州市天河区长兴路5号103铺,98d46c64e54b4c37c8213d49,1,0,113.35249,23.175429,"13790600439,18664806892",cater,http://api.map.baidu.com/place/detail?uid=98d46c64e54b4c37c8213d49&output=html&source=placeapi_v2,9.0,06:00-23:00,3.7,,,,,,,,0,,,,,,,113.3524446271,23.175319688169,0
2b4d01776496d7adc9fa5ff0,大卡司(佳润广场店),美食,蛋糕甜品店,广东省,广州市,白云区,广州市白云区广州大道北1419号佳润广场F1,2b4d01776496d7adc9fa5ff0,1,0,113.32723,23.186722,13640267543,cater,http://api.map.baidu.com/place/detail?uid=2b4d01776496d7adc9fa5ff0&output=html&source=placeapi_v2,9.0,10:30-21:30,4.1,,,,,,,,1,,,,,,,113.3260099609,23.187137324592,0
c488b027505b6bc9102935ac,利口福(香柏店),美食,蛋糕甜品店,广东省,广州市,白云区,广东省广州市白云区广州市白云区广州大道北1618号-7号商铺,c488b027505b6bc9102935ac,1,0,113.330531,23.188711,(020)36480824,cater,http://api.map.baidu.com/place/detail?uid=c488b027505b6bc9102935ac&output=html&source=placeapi_v2,27.0,07:00-22:00,3.5,,,,,,,,0,,,,,,,113.33036798408,23.18887763103,0
1ec5dbda724165b66f47608b,爽爽糖水(京溪路店),美食,蛋糕甜品店,广东省,广州市,白云区,广东省广州市白云区京溪大街46号,1ec5dbda724165b66f47608b,1,0,113.333673,23.187126,13534886633,cater,http://api.map.baidu.com/place/detail?uid=1ec5dbda724165b66f47608b&output=html&source=placeapi_v2,,08:00-18:00,3.5,,,,,,,,0,,,,,,,,,0
a458c0c60c5f8c40badf8f55,海盗花园烘焙工坊,美食,蛋糕甜品店,广东省,广州市,白云区,白云区同沙路230号之十地下1层B101房,a458c0c60c5f8c40badf8f55,1,0,113.339319,23.198403,18688454147,cater,http://api.map.baidu.com/place/detail?uid=a458c0c60c5f8c40badf8f55&output=html&source=placeapi_v2,63.0,10:00-22:00,3.6,,,,,,,,,,,,,,,,,0
07d64a695b9e5b41a2d2303b,喜·乳酪(嘉裕太阳城广场店),美食,蛋糕甜品店,广东省,广州市,白云区,广州市白云区广州大道北1811号嘉裕太阳城广场F1,07d64a695b9e5b41a2d2303b,1,0,113.332557,23.193754,(020)36732084,cater,http://api.map.baidu.com/place/detail?uid=07d64a695b9e5b41a2d2303b&output=html&source=placeapi_v2,36.0,10:00-22:00,3.9,,,,,,,,105,,,,,,,113.33420246314,23.193764539807,0
589ba75fdf3f084eb817e709,利口福(合一国际店),美食,蛋糕甜品店,广东省,广州市,白云区,广东广州市白云区广州大道北1968-2000号A-151-1号铺,589ba75fdf3f084eb817e709,1,0,113.334495,23.197015,18122013730,cater,http://api.map.baidu.com/place/detail?uid=589ba75fdf3f084eb817e709&output=html&source=placeapi_v2,45.0,07:00-22:00,3.7,,,,,,,,0,,,,,,,113.33443077018,23.197017333684,0
aa3257bc3a79413249fd3f60,亿昕烘焙,美食,蛋糕甜品店,广东省,广州市,天河区,广东省广州市天河区沙太南路133号久凌新街市a18档,aa3257bc3a79413249fd3f60,1,0,113.332473,23.17467,15989077876,cater,http://api.map.baidu.com/place/detail?uid=aa3257bc3a79413249fd3f60&output=html&source=placeapi_v2,9.0,06:30-22:00,3.5,,,,,,,,,,,,,,,113.33244100012,23.174510893133,0
441317b7987e8e446cc02cdd,欧凡麦甜(燕塘店),美食,蛋糕甜品店,广东省,广州市,天河区,广东省广州市天河区燕兴路56号,441317b7987e8e446cc02cdd,1,0,113.334328,23.167736,(020)87799181,cater,http://api.map.baidu.com/place/detail?uid=441317b7987e8e446cc02cdd&output=html&source=placeapi_v2,8.0,06:00-23:30,3.6,,,,,,,,1,,,,,,,,,0
f85a186d158b7e832fb96d6a,诗玛烘焙(圣地店),美食,蛋糕甜品店,广东省,广州市,白云区,白云区广州大道北1421号圣地大厦首层圣地风情街二期Y111铺,f85a186d158b7e832fb96d6a,1,0,113.327476,23.188161,18520777330,cater,http://api.map.baidu.com/place/detail?uid=f85a186d158b7e832fb96d6a&output=html&source=placeapi_v2,24.0,07:00-23:30,4.8,,,,,,,,17,,,,,,,,,0
44f48e7403e7c7f28bf15d50,浓心爷爷·现烤面包(春兰花园店),美食,蛋糕甜品店,广东省,广州市,白云区,广东省广州市白云区京溪路57号铺,44f48e7403e7c7f28bf15d50,1,0,113.333215,23.189428,"13622237599,13822258977",cater,http://api.map.baidu.com/place/detail?uid=44f48e7403e7c7f28bf15d50&output=html&source=placeapi_v2,10.0,07:00-23:00,3.7,,,,,,,,36,,,,,,,113.3331387697,23.189316669793,0
d74bb96055c22b1c16a19085,九记甜品下午茶简餐(京溪店),美食,蛋糕甜品店,广东省,广州市,白云区,广东省广州市白云区京溪西街5号101房,,1,0,113.329531,23.187361,13560542004,cater,http://api.map.baidu.com/place/detail?uid=d74bb96055c22b1c16a19085&output=html&source=placeapi_v2,,09:00-03:00,3.6,,,,,,,,,,,,,,,113.32955135521,23.187318221109,0
a703bc7bc83c4aa6601c676d,卓麦蛋糕店,美食,蛋糕甜品店,广东省,广州市,天河区,广州市天河区长湴地铁A出口四楼,a703bc7bc83c4aa6601c676d,1,0,113.356019,23.183354,,cater,http://api.map.baidu.com/place/detail?uid=a703bc7bc83c4aa6601c676d&output=html&source=placeapi_v2,,,,,,,,,,,,,,,,,,,,0
f8b2e96f84983273c61b7574,Heart·Cake蛋糕定制(梅花园店),美食,蛋糕甜品店,广东省,广州市,天河区,广州市天河区广州大道北991号之一,,1,0,113.325504,23.179384,15902051215,cater,http://api.map.baidu.com/place/detail?uid=f8b2e96f84983273c61b7574&output=html&source=placeapi_v2,,10:00-23:30,,,,,,,,,,,,,,,,,,0
453610bf12f6d6420b1cc766,甜蜜时光(优托邦长兴路店),美食,蛋糕甜品店,广东省,广州市,天河区,广州市天河区长兴路13号优托邦F1,5ef499e9d011e461f7b916d3,1,0,113.354933,23.176649,13422134332,cater,http://api.map.baidu.com/place/detail?uid=453610bf12f6d6420b1cc766&output=html&source=placeapi_v2,,12:00-23:00,4.1,,,,,,,,10,,,,,,,113.35475129779,23.174880528944,0
6ab764645edb4172e215f91d,兄弟烘焙,美食,蛋糕甜品店,广东省,广州市,天河区,牛利岗东街67号108铺,6ab764645edb4172e215f91d,1,0,113.331153,23.174712,18123711557,cater,http://api.map.baidu.com/place/detail?uid=6ab764645edb4172e215f91d&output=html&source=placeapi_v2,,06:00-23:00,4.5,,,,,,,,2,,,,,,,113.3311460002,23.174759011857,0
1c999be55bd849fde812e4e2,麦佳西饼,美食,蛋糕甜品店,广东省,广州市,白云区,广州市白云区麒麟路广州白天鹅花园-二期心品,1c999be55bd849fde812e4e2,1,0,113.345225,23.192304,13725297972,cater,http://api.map.baidu.com/place/detail?uid=1c999be55bd849fde812e4e2&output=html&source=placeapi_v2,,,,,,,,,,,,,,,,,,113.34535013627,23.192293207837,0
d83b0896ed6f4cfd1329354f,生日蛋糕专卖店,美食,蛋糕甜品店,广东省,广州市,白云区,广州市白云区蟾蜍石中街同仁社区东南侧,,1,0,113.33855,23.19589,,cater,http://api.map.baidu.com/place/detail?uid=d83b0896ed6f4cfd1329354f&output=html&source=placeapi_v2,,,,,,,,,,,,,,,,,,,,0
3600ea405bc62ab232870a16,贡茶(元岗店),美食,蛋糕甜品店,广东省,广州市,天河区,广东省广州市天河区元岗路552号,3600ea405bc62ab232870a16,1,0,113.349383,23.181757,18320271569,cater,http://api.map.baidu.com/place/detail?uid=3600ea405bc62ab232870a16&output=html&source=placeapi_v2,10.0,08:00-24:00,3.5,,,,,,,,20,,,,,,,113.34943598366,23.181750676829,0
0ca240596bb501b09d9d68c4,胡闹闹甜品,美食,蛋糕甜品店,广东省,广州市,天河区,广东省广州市天河区伟逸街8号嘉逸花园103之3号,0ca240596bb501b09d9d68c4,1,0,113.346414,23.167704,18621742271,cater,http://api.map.baidu.com/place/detail?uid=0ca240596bb501b09d9d68c4&output=html&source=placeapi_v2,,09:00-22:00,3.6,,,,,,,,,,,,,,,113.34624247075,23.167700880502,0
54d8fdec277c8e1914948e0a,木子烘焙书咖馆,美食,蛋糕甜品店,广东省,广州市,白云区,广东省广州市白云区白水塘北街5号,54d8fdec277c8e1914948e0a,1,0,113.33598,23.19848,13622834574,cater,http://api.map.baidu.com/place/detail?uid=54d8fdec277c8e1914948e0a&output=html&source=placeapi_v2,,18:00-22:00,1,,,,,,,,2,,,,,,,113.33596332249,23.198512091332,0
ec97256e8dfddf19d42ce20f,长湴小站,美食,蛋糕甜品店,广东省,广州市,天河区,广东省广州市天河区长湴东路55号,ec97256e8dfddf19d42ce20f,1,0,113.360579,23.177585,18620046816,cater,http://api.map.baidu.com/place/detail?uid=ec97256e8dfddf19d42ce20f&output=html&source=placeapi_v2,,09:00-21:00,5,,,,,,,12,3,,,,,,,113.36063294054,23.177670472818,0
90ae04db156ee3ee1b11d500,麦语家园(犀牛角店),美食,蛋糕甜品店,广东省,广州市,白云区,广东省广州市白云区犀牛角村沙河商贸城C105号铺,90ae04db156ee3ee1b11d500,1,0,113.345867,23.19867,13533944319,cater,http://api.map.baidu.com/place/detail?uid=90ae04db156ee3ee1b11d500&output=html&source=placeapi_v2,14.0,09:00-21:00,3.5,,,,,,,,24,,,,,,,113.3458341699,23.198736748995,0
cf2f4c6b7c018cbfa2046488,皇冠新玛莉(梅花园店),美食,蛋糕甜品店,广东省,广州市,天河区,广东省广州市天河区广州大道北路12号银荔大厦1楼,cf2f4c6b7c018cbfa2046488,1,0,113.32671,23.180265,(020)87637672,cater,http://api.map.baidu.com/place/detail?uid=cf2f4c6b7c018cbfa2046488&output=html&source=placeapi_v2,18.0,06:00-22:30,3.3,,,,,,,,0,,,,,,,113.32655333064,23.180330036599,0
fe0221c5457e6e98f60e7763,台北饮吧(正宗台式养生冰品专卖),美食,蛋糕甜品店,广东省,广州市,白云区,广东省广州市白云区云景路82号,fe0221c5457e6e98f60e7763,1,0,113.338288,23.189431,15897303970,cater,http://api.map.baidu.com/place/detail?uid=fe0221c5457e6e98f60e7763&output=html&source=placeapi_v2,10.0,09:30-21:00,5,,,,,,,,4,,,,,,,113.33836390383,23.189563945213,0
6a5224c62072eb510c0e6b8b,佳麦饼店(犀牛角店),美食,蛋糕甜品店,广东省,广州市,白云区,沙太路犀牛角村金湖雅苑首层G23号,6a5224c62072eb510c0e6b8b,1,0,113.347262,23.196347,13422201087,cater,http://api.map.baidu.com/place/detail?uid=6a5224c62072eb510c0e6b8b&output=html&source=placeapi_v2,14.0,07:00-24:00,,,,,,,,,,,,,,,,,,0
b558ce3fd6c350298415416d,美好甜品,美食,蛋糕甜品店,广东省,广州市,天河区,广东广州市天河区天源路69号,b558ce3fd6c350298415416d,1,0,113.35608,23.183447,,cater,http://api.map.baidu.com/place/detail?uid=b558ce3fd6c350298415416d&output=html&source=placeapi_v2,,,,,,,,,,,,,,,,,,,,0
142e09f6f75c7ca794ec84e0,满兴现烤面包,美食,蛋糕甜品店,广东省,广州市,天河区,广东省广州市天河区金建苑(银定塘大街)260-24号,142e09f6f75c7ca794ec84e0,1,0,113.337618,23.166697,13929568310,cater,http://api.map.baidu.com/place/detail?uid=142e09f6f75c7ca794ec84e0&output=html&source=placeapi_v2,,10:00-22:00,,,,,,,,,,,,,,,,113.33767214032,23.166765453311,0
bebb0cb47c99f6869b68b4e5,超润甜品(长福路店),美食,蛋糕甜品店,广东省,广州市,天河区,广东省广州市天河区长福路207号d11号,bebb0cb47c99f6869b68b4e5,1,0,113.354043,23.172051,13822112445,cater,http://api.map.baidu.com/place/detail?uid=bebb0cb47c99f6869b68b4e5&output=html&source=placeapi_v2,23.0,"10:30-14:00,16:30-22:00",0,,,,,,,,0,,,,,,,113.3540505638,23.171990808107,0
f6a14b60194ff1d32bd7ab43,掂当,美食,蛋糕甜品店,广东省,广州市,天河区,广东省广州市天河区燕塘路74号03铺,,1,0,113.332603,23.168304,17302036874,cater,http://api.map.baidu.com/place/detail?uid=f6a14b60194ff1d32bd7ab43&output=html&source=placeapi_v2,18.0,12:00-19:00,4.5,,,,,,,,,,,,,,,113.33297388213,23.16821822733,0
9ae65342e4659097abf0cd70,E.T时尚鲜果甜品茶饮圣地店,美食,蛋糕甜品店,广东省,广州市,白云区,圣地风情街一楼109铺,,1,0,113.328035,23.187735,15999932496,cater,http://api.map.baidu.com/place/detail?uid=9ae65342e4659097abf0cd70&output=html&source=placeapi_v2,39.0,11:00-00:00,0,,,,,,,,0,,,,,,,,,0
610852117ca13edcc51b7527,佳麦饼店(犀牛角店),美食,蛋糕甜品店,广东省,广州市,白云区,广东省广州市白云区沙太路犀牛角村金湖大厦G23,610852117ca13edcc51b7527,1,0,113.344456,23.198033,13711156344,cater,http://api.map.baidu.com/place/detail?uid=610852117ca13edcc51b7527&output=html&source=placeapi_v2,29.0,06:00-24:00,3.4,,,,,,,,36,,,,,,,113.34453839508,23.198016318388,0
3b381fe7c5a89803ac31e558,金麦西饼(南方店),美食,蛋糕甜品店,广东省,广州市,白云区,广东广州市白云区云景路24号45栋101房,3b381fe7c5a89803ac31e558,1,0,113.330522,23.193314,,cater,http://api.map.baidu.com/place/detail?uid=3b381fe7c5a89803ac31e558&output=html&source=placeapi_v2,,,,,,,,,,,,,,,,,,,,0
33b01b6cc9554593d618b7f5,绿色甜品,美食,蛋糕甜品店,广东省,广州市,天河区,广东省广州市天河区伍仙桥直街26号,33b01b6cc9554593d618b7f5,1,0,113.324124,23.175725,15817182798,cater,http://api.map.baidu.com/place/detail?uid=33b01b6cc9554593d618b7f5&output=html&source=placeapi_v2,,,3.5,,,,,,,,,,,,,,,,,0
b3be974e537c348af6c59cce,爽爽甜品(黄猄坳路店),美食,蛋糕甜品店,广东省,广州市,天河区,广州市天河区黄猄坳路新苗幼儿园(黄猄坳路)东南侧约40米,b3be974e537c348af6c59cce,1,0,113.324898,23.180375,13724436624,cater,http://api.map.baidu.com/place/detail?uid=b3be974e537c348af6c59cce&output=html&source=placeapi_v2,,,,,,,,,,,,,,,,,,113.32493874596,23.180406019404,0
5c8d9590e2e9e10bac0457e0,伯爵冰茶(燕塘店),美食,蛋糕甜品店,广东省,广州市,天河区,广东广州市天河区燕兴路24号,5c8d9590e2e9e10bac0457e0,1,0,113.334237,23.1672,13729000790,cater,http://api.map.baidu.com/place/detail?uid=5c8d9590e2e9e10bac0457e0&output=html&source=placeapi_v2,8.0,11:00-22:00,0,,,,,,,,1,,,,,,,113.33404559025,23.167281330602,0
47c45068f3f882ca213bf247,麦语烘焙(岑村店),美食,蛋糕甜品店,广东省,广州市,天河区,广东省广州市天河区旱塘尾北街4巷1号,47c45068f3f882ca213bf247,1,0,113.38516,23.172141,13005183489,cater,http://api.map.baidu.com/place/detail?uid=47c45068f3f882ca213bf247&output=html&source=placeapi_v2,76.0,07:00-24:00,4.4,,,,,,,,22,,,,,,,,,0
1aadab4d96a63c7b32870a15,佳麦饼店(岑村店),美食,蛋糕甜品店,广东省,广州市,天河区,广州市天河区行云街蓝天雅苑西南侧约60米,1aadab4d96a63c7b32870a15,1,0,113.385041,23.171648,(020)31603424,cater,http://api.map.baidu.com/place/detail?uid=1aadab4d96a63c7b32870a15&output=html&source=placeapi_v2,20.0,06:00-23:00,3.5,,,,,,,,1,,,,,,,,,0
21f6eee0c848b019c72ba166,巴黎天使(世纪绿洲店),美食,蛋糕甜品店,广东省,广州市,天河区,广东省广州市天河区天源路世纪绿洲街世纪绿洲39号,21f6eee0c848b019c72ba166,1,0,113.373696,23.19637,18620908534,cater,http://api.map.baidu.com/place/detail?uid=21f6eee0c848b019c72ba166&output=html&source=placeapi_v2,16.0,06:00-22:00,3.5,,,,,,,,4,,,,,,,,,0
fe9bb5c5939f66f1b75f1e93,美味莎生日蛋糕,美食,蛋糕甜品店,广东省,广州市,天河区,广东省广州市天河区岑村南街35号101房,fe9bb5c5939f66f1b75f1e93,1,0,113.384018,23.168355,15213805951,cater,http://api.map.baidu.com/place/detail?uid=fe9bb5c5939f66f1b75f1e93&output=html&source=placeapi_v2,55.0,00:00-24:00,3.6,,,,,,,,0,,,,,,,113.38397681955,23.168313469377,0
f0e39ca0a2f0e7ddf942b235,化州超润糖水(岑村店),美食,蛋糕甜品店,广东省,广州市,天河区,广东省广州市天河区岑村西街2号,f0e39ca0a2f0e7ddf942b235,1,0,113.383663,23.169023,18476372223,cater,http://api.map.baidu.com/place/detail?uid=f0e39ca0a2f0e7ddf942b235&output=html&source=placeapi_v2,,09:00-22:00,3.4,,,,,,,,4,,,,,,,,,0
3357f9f458e8eae7deee8b3a,美香源蛋糕店,美食,蛋糕甜品店,广东省,广州市,天河区,广东省广州市天河区凌塘新村大街南巷,3357f9f458e8eae7deee8b3a,1,0,113.399031,23.175833,18820143335,cater,http://api.map.baidu.com/place/detail?uid=3357f9f458e8eae7deee8b3a&output=html&source=placeapi_v2,,"07:00-12:00,16:00-23:00",,,,,,,,,,,,,,,,113.39897771668,23.176094425062,0
783df89f3bbd8e0c71455bc3,美香源生日蛋糕,美食,蛋糕甜品店,广东省,广州市,天河区,广州市天河区岑村东街均田大厦,783df89f3bbd8e0c71455bc3,1,0,113.387963,23.170432,,cater,http://api.map.baidu.com/place/detail?uid=783df89f3bbd8e0c71455bc3&output=html&source=placeapi_v2,,06:00-23:00,,,,,,,,,,,,,,,,113.3879006252,23.170615862259,0
26fcd0f1729655266b49f346,榕苑面包店(沐陂西路店),美食,蛋糕甜品店,广东省,广州市,天河区,广州市天河区沐陂西路天河区红太阳幼儿园西南侧,26fcd0f1729655266b49f346,1,0,113.387407,23.16595,13622750067,cater,http://api.map.baidu.com/place/detail?uid=26fcd0f1729655266b49f346&output=html&source=placeapi_v2,,,0,,,,,,,,1,,,,,,,113.38736421733,23.165887334795,0
7a240d4b10296745ec74f8bc,大圆小圆烘焙生活体验馆,美食,蛋糕甜品店,广东省,广州市,天河区,广东省广州市天河区岑村松岗大街一巷2号,7a240d4b10296745ec74f8bc,1,0,113.390952,23.166918,13119518867,cater,http://api.map.baidu.com/place/detail?uid=7a240d4b10296745ec74f8bc&output=html&source=placeapi_v2,,08:00-22:00,5,,,,,,,,1,,,,,,,,,0
a595de2b7787508325d2bbbd,云语坊(烘焙店),美食,蛋糕甜品店,广东省,广州市,天河区,广东省广州市天河区绿洲街9号,a595de2b7787508325d2bbbd,1,0,113.373339,23.196767,15889944116,cater,http://api.map.baidu.com/place/detail?uid=a595de2b7787508325d2bbbd&output=html&source=placeapi_v2,,07:00-22:00,3.4,,,,,,,,0,,,,,,,,,0
6ae1983b5456c6c4ede4a5b9,化州六月雪糖水店,美食,蛋糕甜品店,广东省,广州市,天河区,广东省广州市天河区红花岗下街2号,6ae1983b5456c6c4ede4a5b9,1,0,113.389723,23.167815,13798071138,cater,http://api.map.baidu.com/place/detail?uid=6ae1983b5456c6c4ede4a5b9&output=html&source=placeapi_v2,,12:00-01:30,3.0,,,,,,,,,,,,,,,113.38977294181,23.167884920827,0
3acdb36f220d3f35593ac87f,莳间蛋糕61下午茶,美食,蛋糕甜品店,广东省,广州市,天河区,广东省广州市天河区c区一巷3号101铺,,1,0,113.42427,23.170734,18926167753,cater,http://api.map.baidu.com/place/detail?uid=3acdb36f220d3f35593ac87f&output=html&source=placeapi_v2,,09:30-21:00,3.4,,,,,,,10,,,,,,,,113.42432368241,23.170829596175,0
c499aed2bb581df5130daa66,麦西多面包店(北街路上十二巷店),美食,蛋糕甜品店,广东省,广州市,天河区,广东省广州市天河区北街路上十七巷8号,c499aed2bb581df5130daa66,1,0,113.418905,23.168922,13711768952,cater,http://api.map.baidu.com/place/detail?uid=c499aed2bb581df5130daa66&output=html&source=placeapi_v2,,09:00-20:00,4.7,,,,,,,,3,,,,,,,113.41892639611,23.168862784207,0
5c83b43002caa3a79e82eaf8,九记甜品下午茶简餐(万科店),美食,蛋糕甜品店,广东省,广州市,天河区,广东省广州市天河区华观路万科米酷c2栋114号,,1,0,113.416126,23.171928,18588785286,cater,http://api.map.baidu.com/place/detail?uid=5c83b43002caa3a79e82eaf8&output=html&source=placeapi_v2,,09:00-02:00,3.7,,,,,,,,1,,,,,,,113.41642643074,23.171916908251,0
0de15152f42ebccc09a8d4e9,舒惦,美食,蛋糕甜品店,广东省,广州市,天河区,广东省广州市天河区大观中路492号广东岭南职业技术学院风情街A01室,,1,0,113.425367,23.17392,13923205448,cater,http://api.map.baidu.com/place/detail?uid=0de15152f42ebccc09a8d4e9&output=html&source=placeapi_v2,,07:00-23:00,3.3,,,,,,,,50,,,,,,,,,0
eda68f203947aae0f1193794,心意之作烘焙蛋糕DIY工作室,美食,蛋糕甜品店,广东省,广州市,天河区,广州市天河区万科米酷公寓c1栋601号,eda68f203947aae0f1193794,1,0,113.414691,23.172079,18620801426,cater,http://api.map.baidu.com/place/detail?uid=eda68f203947aae0f1193794&output=html&source=placeapi_v2,116.0,09:00-22:00,3.8,,,,,,,,0,,,,,,,,,0
7965cff1bcf1fab2ad045788,化州六月雪甜品城,美食,蛋糕甜品店,广东省,广州市,天河区,广东省广州市天河区凌塘村凌塘新街十二号(凌塘村快递管家旁),7965cff1bcf1fab2ad045788,1,0,113.406687,23.176705,,cater,http://api.map.baidu.com/place/detail?uid=7965cff1bcf1fab2ad045788&output=html&source=placeapi_v2,,,,,,,,,,,,,,,,,,113.40654949339,23.176684694288,0
9a55b7c5e8b0b156abf7296e,香麦佳(凌塘村店),美食,蛋糕甜品店,广东省,广州市,天河区,天河区华观路家源美食北30米,9a55b7c5e8b0b156abf7296e,1,0,113.406462,23.17629,13544512087,cater,http://api.map.baidu.com/place/detail?uid=9a55b7c5e8b0b156abf7296e&output=html&source=placeapi_v2,9.0,,3.5,,,,,,,,3,,,,,,,,,0
364db2d7eca8433f43afe619,森语面包,美食,蛋糕甜品店,广东省,广州市,天河区,广东省广州市天河区凌塘上街北巷2号一楼,,1,0,113.405655,23.174908,15323339920,cater,http://api.map.baidu.com/place/detail?uid=364db2d7eca8433f43afe619&output=html&source=placeapi_v2,,,,,,,,,,,,,,,,,,113.40582582476,23.174783139683,0
7baf6bae8402fb26d3ff2356,米亚米手工烘焙,美食,蛋糕甜品店,广东省,广州市,黄埔区,广东省广州市黄埔区开创大道123铺号,7baf6bae8402fb26d3ff2356,1,0,113.459225,23.186081,13928838408,cater,http://api.map.baidu.com/place/detail?uid=7baf6bae8402fb26d3ff2356&output=html&source=placeapi_v2,,06:30-22:30,3.4,,,,,,,,,,,,,,,113.45896001895,23.185850198901,0
a012526ddf1a486e6f3e1bdf,思味古早蛋糕(科学城店),美食,蛋糕甜品店,广东省,广州市,黄埔区,广东省广州市黄埔区科学大道195号优托邦B座1楼A5-15C号铺,a012526ddf1a486e6f3e1bdf,1,0,113.458742,23.174687,18922209706,cater,http://api.map.baidu.com/place/detail?uid=a012526ddf1a486e6f3e1bdf&output=html&source=placeapi_v2,26.0,11:00-21:30,3.5,,,,,,,,0,,,,,,,,,0
4cffe1f27330bcffbbbd6311,凯斯盾蛋糕坊,美食,蛋糕甜品店,广东省,广州市,黄埔区,广东省广州市黄埔区开创大道3329号科源大厦1楼,4cffe1f27330bcffbbbd6311,1,0,113.451665,23.192747,18148991093,cater,http://api.map.baidu.com/place/detail?uid=4cffe1f27330bcffbbbd6311&output=html&source=placeapi_v2,30.0,07:00-22:30,3.5,,,,,,,,0,,,,,,,113.45152340307,23.192750787231,0
c9296a9d3a5592080869d9cc,素晴蛋糕甜品创研所,美食,蛋糕甜品店,广东省,广州市,黄埔区,广东省广州市黄埔区开创大道3300号,c9296a9d3a5592080869d9cc,1,0,113.457432,23.188042,18620093093,cater,http://api.map.baidu.com/place/detail?uid=c9296a9d3a5592080869d9cc&output=html&source=placeapi_v2,93.0,07:00-21:00,3.8,,,,,,,,28,,,,,,,113.45723939829,23.187953233678,0
5cef0457992eb8019d82ea3e,雪贝尔面包蛋糕(开创大道店),美食,蛋糕甜品店,广东省,广州市,黄埔区,广东省广州市黄埔区开创大道3396号万科新里程b102,5cef0457992eb8019d82ea3e,1,0,113.453222,23.193506,,cater,http://api.map.baidu.com/place/detail?uid=5cef0457992eb8019d82ea3e&output=html&source=placeapi_v2,,07:00-22:00,,,,,,,,,,,,,,,,113.45317234435,23.193368251931,0
d58558cb7a7fd006882fb51b,广东省凉茶博物馆,美食,蛋糕甜品店,广东省,广州市,黄埔区,广东省广州市黄埔区联和街道金峰园路2号,d58558cb7a7fd006882fb51b,1,0,113.456405,23.185393,"(020)22211057,(020)22211555",scope,http://api.map.baidu.com/place/detail?uid=d58558cb7a7fd006882fb51b&output=html&source=placeapi_v2,,09:00-17:00,4.2,,,,,,,12,23,,,,,,,113.45639943503,23.184900229584,0
adebacd9c82fc5d68505bf8a,幸福西饼(万科新里程店),美食,蛋糕甜品店,广东省,广州市,黄埔区,广东省广州市黄埔区科景路20号101铺,adebacd9c82fc5d68505bf8a,1,0,113.455403,23.194628,13710176922,cater,http://api.map.baidu.com/place/detail?uid=adebacd9c82fc5d68505bf8a&output=html&source=placeapi_v2,,09:00-23:00,,,,,,,,,,,,,,,,113.45556788619,23.194628668874,0
2765a4c92ab15974f42310d5,浓心爷爷·现烤面包(万科新里程店),美食,蛋糕甜品店,广东省,广州市,黄埔区,广东省广州市黄埔区开创大道3394号万科新里程b101铺,2765a4c92ab15974f42310d5,1,0,113.453256,23.193549,18620279491,cater,http://api.map.baidu.com/place/detail?uid=2765a4c92ab15974f42310d5&output=html&source=placeapi_v2,11.0,08:00-21:00,3.6,,,,,,,,,,,,,,,,,0
36eb6ca83448d951c6f50dbe,满兴饼家(龙光店),美食,蛋糕甜品店,广东省,广州市,黄埔区,广东省广州市黄埔区龙光峰景华庭3栋12号,36eb6ca83448d951c6f50dbe,1,0,113.456091,23.194527,15913118457,cater,http://api.map.baidu.com/place/detail?uid=36eb6ca83448d951c6f50dbe&output=html&source=placeapi_v2,,09:00-21:00,3.5,,,,,,,,0,,,,,,,113.45614964501,23.194516020641,0
d78d55c43d104eec102935b0,CoCo都可茶饮(万达广场店),美食,蛋糕甜品店,广东省,广州市,黄埔区,广州市黄埔区联和街道暹岗社区科丰路89号万达广场F3,d78d55c43d104eec102935b0,1,0,113.472923,23.173926,13711596534,cater,http://api.map.baidu.com/place/detail?uid=d78d55c43d104eec102935b0&output=html&source=placeapi_v2,14.0,10:30-21:30,4.2,,,,,,,,0,,,,,,,113.47238026219,23.173763009841,0
678408b4c844445f79b55c24,满玉甜品,美食,蛋糕甜品店,广东省,广州市,黄埔区,广东省广州市黄埔区荔红路锐丰中心1栋110号,678408b4c844445f79b55c24,1,0,113.508473,23.18023,13554854543,cater,http://api.map.baidu.com/place/detail?uid=678408b4c844445f79b55c24&output=html&source=placeapi_v2,22.0,11:00-22:00,3.7,,,,,,,,,,,,,,,113.50798362012,23.180085682625,0
420eff755ece5c849d82ea54,皇食甜品小站,美食,蛋糕甜品店,广东省,广州市,黄埔区,广州市黄埔区孟田东路广州开放大学(黄埔区分校)北侧约80米,,1,0,113.51739,23.186665,,cater,http://api.map.baidu.com/place/detail?uid=420eff755ece5c849d82ea54&output=html&source=placeapi_v2,,,,,,,,,,,,,,,,,,,,0
be8eb327b27c5fb74054d747,广州恒信甜品美食双皮奶芝麻绿豆甜品屋,美食,蛋糕甜品店,广东省,广州市,黄埔区,广东广州市黄埔区萝岗大街22号,be8eb327b27c5fb74054d747,1,0,113.513759,23.180021,13710664307,cater,http://api.map.baidu.com/place/detail?uid=be8eb327b27c5fb74054d747&output=html&source=placeapi_v2,22.0,11:00-24:00,3.5,,,,,,,,0,,,,,,,,,0
61e18b8e40df7747adb22afe,大卡司(香雪锐丰中心店),美食,蛋糕甜品店,广东省,广州市,黄埔区,广州市黄埔区开创大道锐丰中心8栋122号,,1,0,113.508489,23.179526,18826056960,cater,http://api.map.baidu.com/place/detail?uid=61e18b8e40df7747adb22afe&output=html&source=placeapi_v2,15.0,10:00-21:00,0,,,,,,,,0,,,,,,,113.50921962203,23.179350397858,0
6e7e74ad110eb9111b11d58d,美香饼家(荔南一街店),美食,蛋糕甜品店,广东省,广州市,黄埔区,广东省广州市黄埔区荔南一街20号,6e7e74ad110eb9111b11d58d,1,0,113.514021,23.18128,"(020)82080607,13533062322",cater,http://api.map.baidu.com/place/detail?uid=6e7e74ad110eb9111b11d58d&output=html&source=placeapi_v2,,07:00-21:00,3.7,,,,,,,,5,,,,,,,113.51394382957,23.181718747586,0
8c63a3d9caef700428201a3e,紫麦坊(萝岗街店),美食,蛋糕甜品店,广东省,广州市,黄埔区,广东省广州市黄埔区荔红路47号,8c63a3d9caef700428201a3e,1,0,113.51019,23.181157,"15920476893,4006012087",cater,http://api.map.baidu.com/place/detail?uid=8c63a3d9caef700428201a3e&output=html&source=placeapi_v2,5.0,05:30-23:00,4.5,,,,,,,,20,,,,,,,113.51020688673,23.181009175693,0
dd80be2f903b8f655cbe8658,余妈甜品(中海店),美食,蛋糕甜品店,广东省,广州市,黄埔区,广东省广州市黄埔区开源大道456号,dd80be2f903b8f655cbe8658,1,0,113.536743,23.166362,18312836087,cater,http://api.map.baidu.com/place/detail?uid=dd80be2f903b8f655cbe8658&output=html&source=placeapi_v2,17.0,07:00-23:00,3.7,,,,,,,,0,,,,,,,113.53668146914,23.166363035578,0
59a1f392c7b3665645e274db,贝可利斯(萝岗店),美食,蛋糕甜品店,广东省,广州市,黄埔区,广东省广州市黄埔区云埔五路北苑117号,59a1f392c7b3665645e274db,1,0,113.534804,23.167066,"(020)32206289,(020)82593009",cater,http://api.map.baidu.com/place/detail?uid=59a1f392c7b3665645e274db&output=html&source=placeapi_v2,17.0,06:00-23:00,3.6,,,,,,,,1,,,,,,,113.53469268542,23.166900833073,0
10abfc0161ce90745fd4fea5,美贝锶蛋糕甜品,美食,蛋糕甜品店,广东省,广州市,增城区,广东省广州市增城区永兴北街2号,10abfc0161ce90745fd4fea5,1,0,113.597985,23.184569,13450477338,cater,http://api.map.baidu.com/place/detail?uid=10abfc0161ce90745fd4fea5&output=html&source=placeapi_v2,,09:00-21:30,,,,,,,,,,,,,,,,113.59818145677,23.184521612921,0
d5f93c0e5f62e05deddfca38,佳点面包屋,美食,蛋糕甜品店,广东省,广州市,增城区,广东省广州市增城区永联路58号,d5f93c0e5f62e05deddfca38,1,0,113.597913,23.183881,(020)82977097,cater,http://api.map.baidu.com/place/detail?uid=d5f93c0e5f62e05deddfca38&output=html&source=placeapi_v2,,06:00-21:30,3.5,,,,,,,,1,,,,,,,113.59799926245,23.183883688852,0
38d17190b41eef3a9cec2bf4,莎玛蛋糕(永和店),美食,蛋糕甜品店,广东省,广州市,增城区,广东省广州市增城区永联路46号,38d17190b41eef3a9cec2bf4,1,0,113.598203,23.184376,(020)82974985,cater,http://api.map.baidu.com/place/detail?uid=38d17190b41eef3a9cec2bf4&output=html&source=placeapi_v2,12.0,07:00-22:00,3.4,,,,,,,,1,,,,,,,113.59827205987,23.18443539729,0
e6aa64c4574b2c22c336445f,余光烘焙·甜点·蛋糕·面包,美食,蛋糕甜品店,广东省,广州市,增城区,增城区永宁街奥晨留学家园春榄路5-7号之二,,1,0,113.594693,23.18058,15521114411,cater,http://api.map.baidu.com/place/detail?uid=e6aa64c4574b2c22c336445f&output=html&source=placeapi_v2,,11:00-22:30,,,,,,,,,,,,,,,,,,0
dcb8386833e573a625d2bb2b,大口九咖啡奶茶(永和开发区店),美食,蛋糕甜品店,广东省,广州市,黄埔区,广东省广州市黄埔区二横二巷6号,dcb8386833e573a625d2bb2b,1,0,113.571089,23.196552,"13802423390,15018726082",cater,http://api.map.baidu.com/place/detail?uid=dcb8386833e573a625d2bb2b&output=html&source=placeapi_v2,,11:00-24:00,0,,,,,,,,0,,,,,,,113.57099898447,23.196495969866,0
ecaec7c3537e01b84d776ead,顶轩蛋糕,美食,蛋糕甜品店,广东省,广州市,增城区,广东省广州市增城区一马路70号,ecaec7c3537e01b84d776ead,1,0,113.725549,23.172205,13682230182,cater,http://api.map.baidu.com/place/detail?uid=ecaec7c3537e01b84d776ead&output=html&source=placeapi_v2,,,5,,,,,,,,3,,,,,,,,,0
7503683571ae51d25f0d0296,兴华饼家(新发路店),美食,蛋糕甜品店,广东省,广州市,增城区,广东省广州市增城区新发路12号,7503683571ae51d25f0d0296,1,0,113.726022,23.173767,18128035435,cater,http://api.map.baidu.com/place/detail?uid=7503683571ae51d25f0d0296&output=html&source=placeapi_v2,,,3.5,,,,,,,,2,,,,,,,113.72598905982,23.173770638659,0
f3756987f5dbdf2f9a68b4a0,化州六月雪甜品(石夏路店),美食,蛋糕甜品店,广东省,广州市,白云区,广东省广州市白云区石夏路111号,f3756987f5dbdf2f9a68b4a0,1,0,113.258452,23.219302,,cater,http://api.map.baidu.com/place/detail?uid=f3756987f5dbdf2f9a68b4a0&output=html&source=placeapi_v2,,09:00-22:00,,,,,,,,,,,,,,,,,,0
343e2febae11286c21022096,壹品糖港式甜品,美食,蛋糕甜品店,广东省,广州市,白云区,广东省广州市白云区桥头大街10号,343e2febae11286c21022096,1,0,113.255023,23.223479,15813032588,cater,http://api.map.baidu.com/place/detail?uid=343e2febae11286c21022096&output=html&source=placeapi_v2,,,,,,,,,,,,,,,,,,,,0
8ce352ad63d26fc3ede4a5ad,黄氏正轩水牛奶甜品专家(汇侨馆),美食,蛋糕甜品店,广东省,广州市,白云区,广东省广州市白云区汇侨路104铺,8ce352ad63d26fc3ede4a5ad,1,0,113.265071,23.20447,"13719250660,18028587875",cater,http://api.map.baidu.com/place/detail?uid=8ce352ad63d26fc3ede4a5ad&output=html&source=placeapi_v2,24.0,11:00-23:30,4.2,,,,,,,,29,,,,,,,,,0
ecda89bdd71d79c7d7851fea,爽爽糖水店(渡头大街店),美食,蛋糕甜品店,广东省,广州市,白云区,广东省广州市白云区渡头大街30-1号,ecda89bdd71d79c7d7851fea,1,0,113.254841,23.226365,,cater,http://api.map.baidu.com/place/detail?uid=ecda89bdd71d79c7d7851fea&output=html&source=placeapi_v2,,12:00-01:00,,,,,,,,,,,,,,,,,,0
0c9d091efa024b86e31103b5,东富糖水铺(张村店),美食,蛋糕甜品店,广东省,广州市,白云区,广东省广州市白云区张村大街44号,0c9d091efa024b86e31103b5,1,0,113.244932,23.210691,15813399933,cater,http://api.map.baidu.com/place/detail?uid=0c9d091efa024b86e31103b5&output=html&source=placeapi_v2,6.0,12:00-24:00,3.8,,,,,,,,0,,,,,,,,,0
225857f96b1c385d2fe67be8,六月雪糖水城(大冈店),美食,蛋糕甜品店,广东省,广州市,白云区,广东省广州市白云区大冈街81号,225857f96b1c385d2fe67be8,1,0,113.249341,23.219534,,cater,http://api.map.baidu.com/place/detail?uid=225857f96b1c385d2fe67be8&output=html&source=placeapi_v2,,,,,,,,,,,,,,,,,,113.24938192818,23.219535252121,0
44ca84288fe7768bf822138b,TSJ TOAST兔司家(金碧新城店),美食,蛋糕甜品店,广东省,广州市,白云区,广东省广州市白云区石槎路金碧新城二街3~5号(金碧新城43栋),,1,0,113.248285,23.209572,13660591785,cater,http://api.map.baidu.com/place/detail?uid=44ca84288fe7768bf822138b&output=html&source=placeapi_v2,17.0,07:00-23:00,3.5,,,,,,,,27,,,,,,,113.24839812465,23.209650763599,0
7c6dfb621d23a7b22efaa79f,勤信甜品,美食,蛋糕甜品店,广东省,广州市,白云区,广东省广州市白云区张村大街30号,7c6dfb621d23a7b22efaa79f,1,0,113.245132,23.211033,15989018183,cater,http://api.map.baidu.com/place/detail?uid=7c6dfb621d23a7b22efaa79f&output=html&source=placeapi_v2,13.0,13:00-24:00,3.6,,,,,,,,0,,,,,,,113.24519832808,23.21099753434,0
93d23ace8180ff48c3364459,繁唐蛋糕店,美食,蛋糕甜品店,广东省,广州市,白云区,广东省广州市白云区汇侨路汇侨新城利都大厦1楼102铺,,1,0,113.265789,23.204521,15915802623,cater,http://api.map.baidu.com/place/detail?uid=93d23ace8180ff48c3364459&output=html&source=placeapi_v2,,08:00-23:30,3.7,,,,,,,,,,,,,,,,,0
f119f53898af39ee01294f1e,港式糖水甜品店,美食,蛋糕甜品店,广东省,广州市,白云区,广州市白云区夏茅村六社竹基头工业区第3档口,f119f53898af39ee01294f1e,1,0,113.26081,23.233458,13642621553,cater,http://api.map.baidu.com/place/detail?uid=f119f53898af39ee01294f1e&output=html&source=placeapi_v2,,11:00-03:00,3.8,,,,,,,,2,,,,,,,113.26087134818,23.233430027841,0
3b656185668cef62c26c14a4,爽爽甜品(棠乐路店),美食,蛋糕甜品店,广东省,广州市,白云区,广州市白云区棠涌大埔南一路棠乐路13号大院西侧约120米,,1,0,113.26211,23.201149,,cater,http://api.map.baidu.com/place/detail?uid=3b656185668cef62c26c14a4&output=html&source=placeapi_v2,,,,,,,,,,,,,,,,,,,,0
8561ff8c0c1bb350a3acc4f6,喜茶(广州百信广场店),美食,蛋糕甜品店,广东省,广州市,白云区,广州市白云区机场路1399号广州百信广场F1层,8561ff8c0c1bb350a3acc4f6,1,0,113.267743,23.201303,13690063820,cater,http://api.map.baidu.com/place/detail?uid=8561ff8c0c1bb350a3acc4f6&output=html&source=placeapi_v2,28.0,10:00-22:00,4.5,,,,,,,,2,,,,,,,113.26715306566,23.200781183537,0
58ea2e4f51c5ecd30b69d96b,澳旗面包,美食,蛋糕甜品店,广东省,广州市,白云区,广州市白云区黄石西路马务大街3号马务商业中心1楼A15号(近元邦家园),58ea2e4f51c5ecd30b69d96b,1,0,113.265734,23.211991,(020)22059605,cater,http://api.map.baidu.com/place/detail?uid=58ea2e4f51c5ecd30b69d96b&output=html&source=placeapi_v2,5.0,07:00-23:00,0,,,,,,,,1,,,,,,,113.2654955788,23.211867219398,0
4ea05f86c5d6f0fc3a04b111,椰林小站,美食,蛋糕甜品店,广东省,广州市,白云区,广州市白云区石井大道和s303交叉口白云湖公园内东湖,,1,0,113.253841,23.230281,,cater,http://api.map.baidu.com/place/detail?uid=4ea05f86c5d6f0fc3a04b111&output=html&source=placeapi_v2,,,,,,,,,,,,,,,,,,113.25384029119,23.230276857049,0
76fec0a5b2ffe4c8a5c756ca,雪山糖水,美食,蛋糕甜品店,广东省,广州市,白云区,广东省广州市白云区鹤南中路43号,76fec0a5b2ffe4c8a5c756ca,1,0,113.271924,23.222039,13138673600,cater,http://api.map.baidu.com/place/detail?uid=76fec0a5b2ffe4c8a5c756ca&output=html&source=placeapi_v2,,,3.6,,,,,,,,0,,,,,,,113.2719419997,23.222177012691,0
237d3519847412ae95f08c50,麦语家园(鹤边鹤北店),美食,蛋糕甜品店,广东省,广州市,白云区,广东省广州市白云区鹤北东街25号,237d3519847412ae95f08c50,1,0,113.274433,23.22555,(020)31234102,cater,http://api.map.baidu.com/place/detail?uid=237d3519847412ae95f08c50&output=html&source=placeapi_v2,12.0,06:00-23:00,3.5,,,,,,,,12,,,,,,,113.27445142872,23.22561379534,0
259b0b12672dbe5843afe60b,中兴烘焙坊,美食,蛋糕甜品店,广东省,广州市,白云区,广东省广州市白云区向东大街4号,259b0b12672dbe5843afe60b,1,0,113.254761,23.226581,13428841898,cater,http://api.map.baidu.com/place/detail?uid=259b0b12672dbe5843afe60b&output=html&source=placeapi_v2,,06:30-22:00,4.0,,,,,,,,1,,,,,,,113.25457921035,23.226557563426,0
b044d5efa39aadcf3586f4b5,周记滋润甜品,美食,蛋糕甜品店,广东省,广州市,白云区,广东省广州市白云区鹤北东街9号12号,b044d5efa39aadcf3586f4b5,1,0,113.274808,23.225638,15119666491,cater,http://api.map.baidu.com/place/detail?uid=b044d5efa39aadcf3586f4b5&output=html&source=placeapi_v2,,11:00-02:00,3.7,,,,,,,,0,,,,,,,113.27479179039,23.225528266819,0
5e1837269570aa514d5547cf,南洋大师傅(白云汇广场店),美食,蛋糕甜品店,广东省,广州市,白云区,广东省广州市白云区黄石东路88号白云汇广场F1,,1,0,113.275824,23.209009,,cater,http://api.map.baidu.com/place/detail?uid=5e1837269570aa514d5547cf&output=html&source=placeapi_v2,,,,,,,,,,,,,,,,,,113.27557927374,23.208470754645,0
7400068119afcc682fb96d2d,逗茶(大埔北街店),美食,蛋糕甜品店,广东省,广州市,白云区,广东省广州市白云区大埔北街一巷7号,7400068119afcc682fb96d2d,1,0,113.260688,23.205197,18680586958,cater,http://api.map.baidu.com/place/detail?uid=7400068119afcc682fb96d2d&output=html&source=placeapi_v2,,,5,,,,,,,,6,,,,,,,113.2606931037,23.205298333852,0
0bd46bc5ca0fa5c5744ff1a8,茶理宜世(白云汇广场店),美食,蛋糕甜品店,广东省,广州市,白云区,广东省广州市白云区黄石东路88号白云汇广场F1,,1,0,113.275687,23.208899,15013259525,cater,http://api.map.baidu.com/place/detail?uid=0bd46bc5ca0fa5c5744ff1a8&output=html&source=placeapi_v2,19.0,10:30-22:00,3.9,,,,,,,,,,,,,,,113.27557927374,23.208470754645,0
5958d24b01087190afee7ac2,美喆面包蛋糕(元下田店),美食,蛋糕甜品店,广东省,广州市,白云区,白云区丛云路886号金鼎商业楼101-103铺,5958d24b01087190afee7ac2,1,0,113.306713,23.22311,"(020)86600082,18102505125",cater,http://api.map.baidu.com/place/detail?uid=5958d24b01087190afee7ac2&output=html&source=placeapi_v2,25.0,07:00-22:30,3.8,,,,,,,,1,,,,,,,113.30664390086,23.222978361725,0
ae29f0a64ee173f04151c088,Emmaus麦子烘焙(丛云店),美食,蛋糕甜品店,广东省,广州市,越秀区,广东省广州市越秀区人民南路222号,ae29f0a64ee173f04151c088,1,0,113.29794,23.212195,(020)36635171,cater,http://api.map.baidu.com/place/detail?uid=ae29f0a64ee173f04151c088&output=html&source=placeapi_v2,12.0,09:00-20:00,4.0,,,,,,,,,,,,,,,113.29779809337,23.212331391515,0
70eb4c7e721a7cf3283a9f09,85°C(向荣街店),美食,蛋糕甜品店,广东省,广州市,白云区,广州市白云区黄边北路好名显美食广场一层,70eb4c7e721a7cf3283a9f09,1,0,113.294735,23.22828,4001808585,cater,http://api.map.baidu.com/place/detail?uid=70eb4c7e721a7cf3283a9f09&output=html&source=placeapi_v2,21.0,07:00-24:00,3.9,,,,,,,,0,,,,,,,113.2946080003,23.22821501278,0
83daaf19576eab912fb17eef,顺景西饼,美食,蛋糕甜品店,广东省,广州市,白云区,广州市白云区元下田南路迪琪家园西北侧约100米,,1,0,113.306692,23.219944,,cater,http://api.map.baidu.com/place/detail?uid=83daaf19576eab912fb17eef&output=html&source=placeapi_v2,,,,,,,,,,,,,,,,,,,,0
9849bec29780e5e9b1077df5,古早味手工蛋糕(永泰店),美食,蛋糕甜品店,广东省,广州市,白云区,广东省广州市白云区学山塘街38号,9849bec29780e5e9b1077df5,1,0,113.312195,23.22535,13924202446,cater,http://api.map.baidu.com/place/detail?uid=9849bec29780e5e9b1077df5&output=html&source=placeapi_v2,19.0,07:00-21:00,3.6,,,,,,,,4,,,,,,,,,0
a8a53d4ad964c6364afd3f20,黄氏同鑫特色牛奶甜品(永泰店),美食,蛋糕甜品店,广东省,广州市,白云区,广东省广州市白云区丛云路882号102铺,a8a53d4ad964c6364afd3f20,1,0,113.306939,23.22334,13922707887,cater,http://api.map.baidu.com/place/detail?uid=a8a53d4ad964c6364afd3f20&output=html&source=placeapi_v2,20.0,11:00-24:00,3.2,,,,,,,,,,,,,,,113.30681498135,23.223442150724,0
d5529723a603fc6b4107c16b,美喆MEAZEE·生日蛋糕·下午茶·甜品(黄边北路店),美食,蛋糕甜品店,广东省,广州市,白云区,广东省广州市白云区黄边北路向荣街374号,d5529723a603fc6b4107c16b,1,0,113.293651,23.228581,(020)36371537,cater,http://api.map.baidu.com/place/detail?uid=d5529723a603fc6b4107c16b&output=html&source=placeapi_v2,26.0,06:00-22:30,3.8,,,,,,,,,,,,,,,113.29384287128,23.228506145331,0
4de65c8a6017c9d2bbbd6370,麦鲜生烘焙茶饮,美食,蛋糕甜品店,广东省,广州市,白云区,广州市白云区解放庄路新兴白云花园东侧,4de65c8a6017c9d2bbbd6370,1,0,113.29893,23.221789,,cater,http://api.map.baidu.com/place/detail?uid=4de65c8a6017c9d2bbbd6370&output=html&source=placeapi_v2,,,,,,,,,,,,,,,,,,,,0
63eba8ea0a488d9b7adbd2f1,幸福多多蛋糕(永泰店),美食,蛋糕甜品店,广东省,广州市,白云区,广东省广州市白云区永康路致和街32号尚云楼1楼,,1,0,113.31337,23.228198,"13048087015,13556191801",cater,http://api.map.baidu.com/place/detail?uid=63eba8ea0a488d9b7adbd2f1&output=html&source=placeapi_v2,,08:00-24:00,3.3,,,,,,,,0,,,,,,,113.3134136812,23.228275914143,0
9882d35891ed1b5714c8f602,大师傅传统糕点(江夏分店),美食,蛋糕甜品店,广东省,广州市,白云区,广东省广州市白云区-东一路一巷2号101铺,,1,0,113.285907,23.216548,15207019020,cater,http://api.map.baidu.com/place/detail?uid=9882d35891ed1b5714c8f602&output=html&source=placeapi_v2,,,3.5,,,,,,,,0,,,,,,,,,0
14ccdd641080f1e0bbbd6326,化州蓝月亮甜品餐吧(元下田店),美食,蛋糕甜品店,广东省,广州市,白云区,广东省广州市白云区元下田三路29号,14ccdd641080f1e0bbbd6326,1,0,113.308024,23.222605,,cater,http://api.map.baidu.com/place/detail?uid=14ccdd641080f1e0bbbd6326&output=html&source=placeapi_v2,,,3.5,,,,,,,,0,,,,,,,113.30788385531,23.222407188509,0
c3c971625de1c064a1a934c0,一品多面包,美食,蛋糕甜品店,广东省,广州市,白云区,黄边南路温鲜生对面,c3c971625de1c064a1a934c0,1,0,113.295444,23.223119,,cater,http://api.map.baidu.com/place/detail?uid=c3c971625de1c064a1a934c0&output=html&source=placeapi_v2,,,,,,,,,,,,,,,,,,,,0
25abb5eb949e462a441a321e,卡芙莲艺术烘焙,美食,蛋糕甜品店,广东省,广州市,白云区,白云区黄边北路云山诗意商业街棋乐居1-4，12号铺(信国地产对面),25abb5eb949e462a441a321e,1,0,113.296063,23.225372,18565506280,cater,http://api.map.baidu.com/place/detail?uid=25abb5eb949e462a441a321e&output=html&source=placeapi_v2,,09:00-22:00,3.5,,,,,,,,1,,,,,,,,,0
0b71b70ea99cae71734b8730,无声的cake(梦空间),美食,蛋糕甜品店,广东省,广州市,白云区,广东省广州市白云区同泰路112号1楼,0b71b70ea99cae71734b8730,1,0,113.310771,23.22639,18927582530,cater,http://api.map.baidu.com/place/detail?uid=0b71b70ea99cae71734b8730&output=html&source=placeapi_v2,21.0,07:30-22:30,3.9,,,,,,,,1,,,,,,,113.31079719303,23.226476575415,0
8d345bccf47b622f37b06cbe,面包来了(江夏店),美食,蛋糕甜品店,广东省,广州市,白云区,广东省广州市白云区江夏北一路26号首层,8d345bccf47b622f37b06cbe,1,0,113.287292,23.217085,18819304480,cater,http://api.map.baidu.com/place/detail?uid=8d345bccf47b622f37b06cbe&output=html&source=placeapi_v2,,08:00-21:00,3.5,,,,,,,,2,,,,,,,,,0
50a6536d63f4ff16fa42b264,化州糖水(永泰店),美食,蛋糕甜品店,广东省,广州市,白云区,广东省广州市白云区同泰一街10号首层(鸿容烟酒店对面),50a6536d63f4ff16fa42b264,1,0,113.307113,23.226711,18211375034,cater,http://api.map.baidu.com/place/detail?uid=50a6536d63f4ff16fa42b264&output=html&source=placeapi_v2,22.0,09:00-21:00,3.6,,,,,,,,0,,,,,,,113.30718720232,23.226712114457,0
0894d975b4ab84f9ab175a86,皇冠新玛莉(尚城店),美食,蛋糕甜品店,广东省,广州市,白云区,广东省广州市白云区黄石北路107号101房,0894d975b4ab84f9ab175a86,1,0,113.291076,23.217853,(020)37153209,cater,http://api.map.baidu.com/place/detail?uid=0894d975b4ab84f9ab175a86&output=html&source=placeapi_v2,7.0,06:00-22:00,3.6,,,,,,,,11,,,,,,,113.29106787261,23.217726370283,0
db8a15c58dae3aa181288aae,无声的cake,美食,蛋糕甜品店,广东省,广州市,白云区,广东省广州市白云区泰兴路22号b2栋,db8a15c58dae3aa181288aae,1,0,113.312006,23.22361,13503008479,cater,http://api.map.baidu.com/place/detail?uid=db8a15c58dae3aa181288aae&output=html&source=placeapi_v2,18.0,07:30-22:30,,,,,,,,,,,,,,,,,,0
c933f2318aa76d14dbeced1a,甜麦蛋糕店,美食,蛋糕甜品店,广东省,广州市,白云区,广州市白云区江夏北二路鹤翔商务楼北侧,,1,0,113.288439,23.218897,13352883125,cater,http://api.map.baidu.com/place/detail?uid=c933f2318aa76d14dbeced1a&output=html&source=placeapi_v2,,08:00-23:30,,,,,,,,,,,,,,,,,,0
a9ee02b424f0772317948e36,提娜制作面包店(广外店),美食,蛋糕甜品店,广东省,广州市,白云区,广州市白云区大道北2号广外南门后勤楼2楼(兴安超市附近),,1,0,113.299659,23.205024,(020)36207652,cater,http://api.map.baidu.com/place/detail?uid=a9ee02b424f0772317948e36&output=html&source=placeapi_v2,,07:30-20:30,3.6,,,,,,,1,,,,,,,,,,0
6fbfc8e448db882c2b201a9b,起点蛋糕,美食,蛋糕甜品店,广东省,广州市,白云区,广东省广州市白云区同泰一街78号,,1,0,113.306433,23.225993,19874262048,cater,http://api.map.baidu.com/place/detail?uid=6fbfc8e448db882c2b201a9b&output=html&source=placeapi_v2,,07:00-22:00,,,,,,,,,,,,,,,,113.30642348005,23.22597159711,0
03779c514e4026f0774ff1c4,初甜烘焙·蛋糕定制,美食,蛋糕甜品店,广东省,广州市,白云区,广东省广州市白云区江夏北中路16号强盛商务大厦G栋121室,03779c514e4026f0774ff1c4,1,0,113.286818,23.218311,"13288483037,13533668834",cater,http://api.map.baidu.com/place/detail?uid=03779c514e4026f0774ff1c4&output=html&source=placeapi_v2,,09:00-21:00,3.7,,,,,,,,0,,,,,,,,,0
832ae8aaa5d9c2f56e20b991,稻香烘培坊,美食,蛋糕甜品店,广东省,广州市,白云区,广东省广州市白云区中街22号,,1,0,113.284455,23.212334,15875599133,cater,http://api.map.baidu.com/place/detail?uid=832ae8aaa5d9c2f56e20b991&output=html&source=placeapi_v2,,07:00-22:30,3.5,,,,,,,,,,,,,,,113.28425758409,23.212300252004,0
d82a52611a61f12d7f29bdb5,私人烘焙蛋糕,美食,蛋糕甜品店,广东省,广州市,白云区,广州市白云区广云路白云尚城花园-三期,,1,0,113.290982,23.221191,,cater,http://api.map.baidu.com/place/detail?uid=d82a52611a61f12d7f29bdb5&output=html&source=placeapi_v2,,,,,,,,,,,,,,,,,,,,0
37a38b9c700061a3a6da39cd,幸福时光美食蛋糕店,美食,蛋糕甜品店,广东省,广州市,白云区,广东省广州市白云区致和街四巷9号健煜楼1楼101房,,1,0,113.312813,23.229155,18826252312,cater,http://api.map.baidu.com/place/detail?uid=37a38b9c700061a3a6da39cd&output=html&source=placeapi_v2,,,,,,,,,,,,,,,,,,,,0
0ea8219ba7d577c331870a67,DOY蛋糕,美食,蛋糕甜品店,广东省,广州市,白云区,广州市白云区向荣街时代玫瑰园,0ea8219ba7d577c331870a67,1,0,113.293127,23.229851,18718390360,cater,http://api.map.baidu.com/place/detail?uid=0ea8219ba7d577c331870a67&output=html&source=placeapi_v2,,,3.5,,,,,,,,,,,,,,,113.29320864783,23.230051199443,0
cc788fde0b833b8a88fc0651,冠美烘焙,美食,蛋糕甜品店,广东省,广州市,白云区,广州市白云区永平街永康路136号(永泰小学旁),cc788fde0b833b8a88fc0651,1,0,113.311206,23.229433,,cater,http://api.map.baidu.com/place/detail?uid=cc788fde0b833b8a88fc0651&output=html&source=placeapi_v2,14.0,07:00-24:00,0,,,,,,,,0,,,,,,,113.31131040934,23.229403904894,0
5f4a139070033ac1a8f7296f,米兰西饼(江夏店),美食,蛋糕甜品店,广东省,广州市,白云区,广东省广州市白云区江夏北二路八巷7号,5f4a139070033ac1a8f7296f,1,0,113.288255,23.219203,13660123199,cater,http://api.map.baidu.com/place/detail?uid=5f4a139070033ac1a8f7296f&output=html&source=placeapi_v2,,08:00-22:00,3.5,,,,,,,,0,,,,,,,113.28824587909,23.219102601842,0
19a764c0e58e6a3d283a9f44,一品乡面包连锁,美食,蛋糕甜品店,广东省,广州市,白云区,广东省广州市白云区江夏大塘大街42号,,1,0,113.288921,23.218166,,cater,http://api.map.baidu.com/place/detail?uid=19a764c0e58e6a3d283a9f44&output=html&source=placeapi_v2,,,,,,,,,,,,,,,,,,113.28904534225,23.218118299664,0
6dead0a626e4fe9451e5c51e,新口福蛋糕坊,美食,蛋糕甜品店,广东省,广州市,白云区,广东省广州市白云区红星二街14号新口福蛋糕店6号,,1,0,113.310314,23.228873,13428886279,cater,http://api.map.baidu.com/place/detail?uid=6dead0a626e4fe9451e5c51e&output=html&source=placeapi_v2,,07:00-23:00,3.4,,,,,,,,,,,,,,,,,0
db130f8142afcd9ac16c1414,星冠蛋糕(白社中街店),美食,蛋糕甜品店,广东省,广州市,白云区,广东省广州市白云区白社直街6号,db130f8142afcd9ac16c1414,1,0,113.284086,23.212026,13719308020,cater,http://api.map.baidu.com/place/detail?uid=db130f8142afcd9ac16c1414&output=html&source=placeapi_v2,,,0,,,,,,,,2,,,,,,,113.28419766082,23.212056396536,0
498d28f753e9f5f3b426555d,老香港(永康路店),美食,蛋糕甜品店,广东省,广州市,白云区,广州市白云区永康路永泰新村东南侧,,1,0,113.311133,23.228607,18942299963,cater,http://api.map.baidu.com/place/detail?uid=498d28f753e9f5f3b426555d&output=html&source=placeapi_v2,,08:00-22:00,,,,,,,,,,,,,,,,,,0
87d9759a2db07ab986420e73,嘉冠烘焙,美食,蛋糕甜品店,广东省,广州市,白云区,广东省广州市白云区永康路综合楼2号,87d9759a2db07ab986420e73,1,0,113.311337,23.2314,"13527725593,18122728065",cater,http://api.map.baidu.com/place/detail?uid=87d9759a2db07ab986420e73&output=html&source=placeapi_v2,20.0,05:30-01:00,3.5,,,,,,,,,,,,,,,,,0
e825cc63450b36ba92114c58,利口福(萧岗站店),美食,蛋糕甜品店,广东省,广州市,白云区,广州市白云区地铁2号线萧岗站B1,e825cc63450b36ba92114c58,1,0,113.287213,23.205446,,life,http://api.map.baidu.com/place/detail?uid=e825cc63450b36ba92114c58&output=html&source=placeapi_v2,,07:00-22:00,,,,,,,,1,,,,,,,,,,0
699a0da8a27686583c9a5eb8,大师傅纯手工传统糕点(永泰分店),美食,蛋糕甜品店,广东省,广州市,白云区,广州市白云区永康路永泰新村东北侧,699a0da8a27686583c9a5eb8,1,0,113.311313,23.229859,18807018680,cater,http://api.map.baidu.com/place/detail?uid=699a0da8a27686583c9a5eb8&output=html&source=placeapi_v2,,,,,,,,,,,,,,,,,,113.31142206243,23.229835605835,0
c5cb9c78a3dfbf7d8f55ecb1,咕噜咕噜(江夏新天地商业广场店),美食,蛋糕甜品店,广东省,广州市,白云区,广东省广州市白云区江夏东一路22号江夏新天地商业广场F2,c5cb9c78a3dfbf7d8f55ecb1,1,0,113.288033,23.217526,13416264187,cater,http://api.map.baidu.com/place/detail?uid=c5cb9c78a3dfbf7d8f55ecb1&output=html&source=placeapi_v2,16.0,11:00-22:00,3.8,,,,,,,5,8,,,,,,,113.28862983822,23.217209474122,0
1b78b7fd80e6e42841d63e51,欧风麦甜(江夏店),美食,蛋糕甜品店,广东省,广州市,白云区,广州市白云区江夏西街红风创意园南侧约80米,1b78b7fd80e6e42841d63e51,1,0,113.283456,23.217524,18142811690,life,http://api.map.baidu.com/place/detail?uid=1b78b7fd80e6e42841d63e51&output=html&source=placeapi_v2,,10:00-24:00,,,,,,,,8,,,,,,,,113.28348263209,23.217324434683,0
63e6e661f6ae34f7a2a93467,老奶奶石磨坊,美食,蛋糕甜品店,广东省,广州市,白云区,广州市白云区磨刀南街桂文阁东北侧,63e6e661f6ae34f7a2a93467,1,0,113.312327,23.22775,,cater,http://api.map.baidu.com/place/detail?uid=63e6e661f6ae34f7a2a93467&output=html&source=placeapi_v2,,,0.0,,,,,,,,1,,,,,,,,,0
055025731a20d5c128201a5e,心语蛋糕(榕树头总店),美食,蛋糕甜品店,广东省,广州市,白云区,广州市白云区榕树头路湘川木桶饭旁,055025731a20d5c128201a5e,1,0,113.33292,23.212063,13660770997,cater,http://api.map.baidu.com/place/detail?uid=055025731a20d5c128201a5e&output=html&source=placeapi_v2,,07:00-22:30,,,,,,,,,,,,,,,,,,0
a2e809d1c607ca0107026f6b,心语蛋糕(榕树头总店),美食,蛋糕甜品店,广东省,广州市,白云区,广东省广州市白云区榕树头西街1号,a2e809d1c607ca0107026f6b,1,0,113.33096,23.21018,13660770997,cater,http://api.map.baidu.com/place/detail?uid=a2e809d1c607ca0107026f6b&output=html&source=placeapi_v2,,06:00-23:00,3.5,,,,,,,,,,,,,,,113.33098363574,23.210155161184,0
e87bc99738a3d3e100ec01e3,六月雪糖水(榕树头西街店),美食,蛋糕甜品店,广东省,广州市,白云区,广州市白云区同和榕树头西街38号101房,e87bc99738a3d3e100ec01e3,1,0,113.331997,23.211317,13652566727,cater,http://api.map.baidu.com/place/detail?uid=e87bc99738a3d3e100ec01e3&output=html&source=placeapi_v2,,11:00-03:00,3.4,,,,,,,,0,,,,,,,113.33206139328,23.21143083941,0
15f7b5aef20470798d7727c6,love语·新时代烘焙,美食,蛋糕甜品店,广东省,广州市,白云区,斯文井街453号,,1,0,113.335749,23.219516,18011916235,cater,http://api.map.baidu.com/place/detail?uid=15f7b5aef20470798d7727c6&output=html&source=placeapi_v2,,,3.4,,,,,,,,0,,,,,,,,,0
3e979edb73f171212f473344,化州甜品(白山东路),美食,蛋糕甜品店,广东省,广州市,白云区,广东省广州市白云区白山东路38号d栋,3e979edb73f171212f473344,1,0,113.337137,23.207939,18312339659,cater,http://api.map.baidu.com/place/detail?uid=3e979edb73f171212f473344&output=html&source=placeapi_v2,,,,,,,,,,,,,,,,,,113.33706688494,23.207974122589,0
9df7542a2ad46d7c213bf2d6,家盛面包店,美食,蛋糕甜品店,广东省,广州市,白云区,广州市白云区大陂社区大陂南路6号,,1,0,113.33259,23.214454,,cater,http://api.map.baidu.com/place/detail?uid=9df7542a2ad46d7c213bf2d6&output=html&source=placeapi_v2,,,,,,,,,,,,,,,,,,,,0
21a30c07bf37496ad92f2832,一品轩(餐厅店),美食,蛋糕甜品店,广东省,广州市,白云区,同和大街1号金铂广场,,1,0,113.335254,23.205929,18802013889,cater,http://api.map.baidu.com/place/detail?uid=21a30c07bf37496ad92f2832&output=html&source=placeapi_v2,,09:00-22:00,4.5,,,,,,,,3,,,,,,,113.33515995889,23.206002404829,0
84705d44021d25bf5abbbce1,Ai美味甜品蛋糕,美食,蛋糕甜品店,广东省,广州市,白云区,同沙路30-1号,84705d44021d25bf5abbbce1,1,0,113.334661,23.200988,15002039690,cater,http://api.map.baidu.com/place/detail?uid=84705d44021d25bf5abbbce1&output=html&source=placeapi_v2,,00:00-23:55,0,,,,,,,,0,,,,,,,,,0
83186491ed2e1f1aebe582ba,化州糖水,美食,蛋糕甜品店,广东省,广州市,白云区,广东省广州市白云区豪华新街8幢楼,83186491ed2e1f1aebe582ba,1,0,113.330429,23.202132,18802515765,cater,http://api.map.baidu.com/place/detail?uid=83186491ed2e1f1aebe582ba&output=html&source=placeapi_v2,14.0,12:00-01:30,3.5,,,,,,,,17,,,,,,,113.33047854393,23.202045896232,0
bcde9878cecb2ee935b06c2e,C面包(雄洲城店),美食,蛋糕甜品店,广东省,广州市,白云区,广州市白云区广州大道北2117号雄洲城F1,bcde9878cecb2ee935b06c2e,1,0,113.331822,23.204166,,cater,http://api.map.baidu.com/place/detail?uid=bcde9878cecb2ee935b06c2e&output=html&source=placeapi_v2,,,4.4,,,,,,,,10,,,,,,,113.3322799546,23.203497144643,0
4c184e608a60100b63180988,化州超润甜品(同和店),美食,蛋糕甜品店,广东省,广州市,白云区,广东省广州市白云区同胜横街26号,4c184e608a60100b63180988,1,0,113.335428,23.204319,18898423377,cater,http://api.map.baidu.com/place/detail?uid=4c184e608a60100b63180988&output=html&source=placeapi_v2,14.0,11:30-02:00,3.3,,,,,,,,0,,,,,,,113.33537019562,23.204366661762,0
9d599ec6d2b814a94d776ea4,甜品站(雄洲城店),美食,蛋糕甜品店,广东省,广州市,白云区,广州市白云区广州大道北2117号雄洲城F1,9d599ec6d2b814a94d776ea4,1,0,113.332039,23.203959,,cater,http://api.map.baidu.com/place/detail?uid=9d599ec6d2b814a94d776ea4&output=html&source=placeapi_v2,,,0,,,,,,,,0,,,,,,,,,0
b3e5e516cc6426fb901fc9de,瑞幸咖啡(同和金铂天地店),美食,蛋糕甜品店,广东省,广州市,白云区,广东省广州市白云区同和街道石桥头社区同和大街1号同和金铂天地F1,b3e5e516cc6426fb901fc9de,1,0,113.332055,23.202189,4000100100,cater,http://api.map.baidu.com/place/detail?uid=b3e5e516cc6426fb901fc9de&output=html&source=placeapi_v2,16.0,07:00-22:00,4.0,,,,,,,,0,,,,,,,113.33205069266,23.202226723108,0
260d5ec2de8855c19900509e,水果捞(同和金铂天地店),美食,蛋糕甜品店,广东省,广州市,白云区,广东省广州市白云区同和街道石桥头社区同和大街1号同和金铂天地F2,,1,0,113.331913,23.201986,,cater,http://api.map.baidu.com/place/detail?uid=260d5ec2de8855c19900509e&output=html&source=placeapi_v2,33.0,10:00-22:00,3.1,,,,,,,,17,,,,,,,,,0
8421b68482ae1a608936eed2,9街甜品(渔沙坦店),美食,蛋糕甜品店,广东省,广州市,天河区,广东省广州市天河区渔沙坦渔兴路37号103,8421b68482ae1a608936eed2,1,0,113.384226,23.218441,"13711942694,13726778016",cater,http://api.map.baidu.com/place/detail?uid=8421b68482ae1a608936eed2&output=html&source=placeapi_v2,22.0,11:00-02:00,3.5,,,,,,,,0,,,,,,,113.3842889358,23.218505803371,0
0601c13b220b93db364aae43,幸福西饼生日蛋糕(龙洞店),美食,蛋糕甜品店,广东省,广州市,天河区,广东省广州市天河区渔北路111号101房,0601c13b220b93db364aae43,1,0,113.381738,23.222985,(020)38617672,cater,http://api.map.baidu.com/place/detail?uid=0601c13b220b93db364aae43&output=html&source=placeapi_v2,80.0,07:00-20:00,3.7,,,,,,,,0,,,,,,,113.38168659773,23.222838812036,0
989282dc2190b08107026f77,飘香蛋糕,美食,蛋糕甜品店,广东省,广州市,天河区,广州市天河区渔东路明日之才幼儿园东侧,989282dc2190b08107026f77,1,0,113.392195,23.215101,"15976570116,18027339353",cater,http://api.map.baidu.com/place/detail?uid=989282dc2190b08107026f77&output=html&source=placeapi_v2,,08:00-22:00,,,,,,,,,,,,,,,,113.39234696349,23.215135434827,0
9eaeaf18e6af1969100daa04,灰格子Bakery(龙洞步行街店),美食,蛋糕甜品店,广东省,广州市,天河区,广东省广州市天河区龙洞环村南街6号之十三304铺(喷水池四楼灰格子阿婆牛杂旁边楼道口楼上),9eaeaf18e6af1969100daa04,1,0,113.373152,23.20156,16624789727,cater,http://api.map.baidu.com/place/detail?uid=9eaeaf18e6af1969100daa04&output=html&source=placeapi_v2,41.0,11:00-22:00,0,,,,,,,1,0,,,,,,,,,0
89cfd441815cfa5e2a02e116,美蔸DIY烘焙坊,美食,蛋糕甜品店,广东省,广州市,天河区,广州市天河区渔兴东街幼儿之家(渔兴东路)北侧,89cfd441815cfa5e2a02e116,1,0,113.390542,23.219114,,cater,http://api.map.baidu.com/place/detail?uid=89cfd441815cfa5e2a02e116&output=html&source=placeapi_v2,,,,,,,,,,,,,,,,,,113.39055467062,23.218965322079,0
4d22aa7897954953a0acc4cf,雅琪蛋糕店,美食,蛋糕甜品店,广东省,广州市,天河区,广东广州市天河区龙洞西街63号,4d22aa7897954953a0acc4cf,1,0,113.371939,23.204415,13668968759,cater,http://api.map.baidu.com/place/detail?uid=4d22aa7897954953a0acc4cf&output=html&source=placeapi_v2,9.0,08:00-22:00,4.6,,,,,,,,12,,,,,,,,,0
160dccfecb8741bf71210b87,米苏城堡烘焙工作室,美食,蛋糕甜品店,广东省,广州市,天河区,广东省广州市天河区东街1巷7-1米号1米101房,160dccfecb8741bf71210b87,1,0,113.393912,23.207933,15918954597,cater,http://api.map.baidu.com/place/detail?uid=160dccfecb8741bf71210b87&output=html&source=placeapi_v2,,,3.4,,,,,,,,1,,,,,,,113.3935770806,23.208294179152,0
436b46f20dea61643b221cfb,茗山汤包饼店(瑜翠园店),美食,蛋糕甜品店,广东省,广州市,天河区,广州市天河区荟龙路外来工公寓东侧约60米,436b46f20dea61643b221cfb,1,0,113.370634,23.214117,,cater,http://api.map.baidu.com/place/detail?uid=436b46f20dea61643b221cfb&output=html&source=placeapi_v2,,,3.5,,,,,,,,,,,,,,,,,0
37dc5a473f8cc7d58bfc063f,烘魔师,美食,蛋糕甜品店,广东省,广州市,天河区,广东省广州市天河区龙洞北路迎福小区8栋C102号,37dc5a473f8cc7d58bfc063f,1,0,113.377849,23.207194,18924005050,cater,http://api.map.baidu.com/place/detail?uid=37dc5a473f8cc7d58bfc063f&output=html&source=placeapi_v2,17.0,10:00-22:00,0,,,,,,,,0,,,,,,,113.3779218236,23.207195172334,0
512e6317fd7cca72430245e9,化州新怡糖水,美食,蛋糕甜品店,广东省,广州市,天河区,广东省广州市天河区龙洞西街北庆里19号,512e6317fd7cca72430245e9,1,0,113.373393,23.207174,15016627496,cater,http://api.map.baidu.com/place/detail?uid=512e6317fd7cca72430245e9&output=html&source=placeapi_v2,,,3.5,,,,,,,,1,,,,,,,113.37335800846,23.207094804216,0
2184f3dac093a128a8175aee,鲜芋甜品(龙洞店),美食,蛋糕甜品店,广东省,广州市,天河区,广东省广州市天河区龙洞环村南街6号C栋08号隔壁(美天悦购超市旁),2184f3dac093a128a8175aee,1,0,113.373142,23.201704,13580498433,cater,http://api.map.baidu.com/place/detail?uid=2184f3dac093a128a8175aee&output=html&source=placeapi_v2,13.0,12:00-01:30,3.9,,,,,,,,0,,,,,,,113.37317871301,23.202171425174,0
dd6110c2b5d40bf5d03ce3a5,缘味蛋糕,美食,蛋糕甜品店,广东省,广州市,天河区,广东省广州市天河区龙洞北苑小区二巷4号102房,dd6110c2b5d40bf5d03ce3a5,1,0,113.373293,23.208177,13711105856,cater,http://api.map.baidu.com/place/detail?uid=dd6110c2b5d40bf5d03ce3a5&output=html&source=placeapi_v2,,,,,,,,,,,,,,,,,,,,0
b2b5859936dd180b80288a7c,乔艺烘焙,美食,蛋糕甜品店,广东省,广州市,天河区,广东省广州市天河区十巷6号101铺,,1,0,113.373907,23.202738,19898552459,cater,http://api.map.baidu.com/place/detail?uid=b2b5859936dd180b80288a7c&output=html&source=placeapi_v2,65.0,,3.9,,,,,,,,,,,,,,,113.37396274118,23.202594242297,0
298ffa79760df0dc6fa3ccda,广州筠心手作烘焙工作室,美食,蛋糕甜品店,广东省,广州市,天河区,龙洞东街聚源里一横巷7号101房,298ffa79760df0dc6fa3ccda,1,0,113.373117,23.203422,,cater,http://api.map.baidu.com/place/detail?uid=298ffa79760df0dc6fa3ccda&output=html&source=placeapi_v2,,,,,,,,,,,,,,,,,,,,0
98c96299c333fe42ea56fa40,化州甜品,美食,蛋糕甜品店,广东省,广州市,天河区,广东省广州市天河区西街四巷11号,98c96299c333fe42ea56fa40,1,0,113.372689,23.202939,,cater,http://api.map.baidu.com/place/detail?uid=98c96299c333fe42ea56fa40&output=html&source=placeapi_v2,,,,,,,,,,,,,,,,,,,,0
27e3411c45055613fb42b28c,D&W·茶饮&甜品,美食,蛋糕甜品店,广东省,广州市,天河区,广东省广州市天河区龙洞东街如松里18号101铺,,1,0,113.373468,23.203824,15692425424,cater,http://api.map.baidu.com/place/detail?uid=27e3411c45055613fb42b28c&output=html&source=placeapi_v2,25.0,11:30-24:00,3.8,,,,,,,,,,,,,,,113.37361329885,23.203944385972,0
38174c9c436e44b9f03cba20,正宗化州糖水(龙洞分店),美食,蛋糕甜品店,广东省,广州市,天河区,广东广州市天河区5巷6号聚贤小区1栋,38174c9c436e44b9f03cba20,1,0,113.374365,23.202116,"15899681025,18126752629",cater,http://api.map.baidu.com/place/detail?uid=38174c9c436e44b9f03cba20&output=html&source=placeapi_v2,11.0,11:30-01:30,2.8,,,,,,,8,0,,,,,,,113.3743602803,23.201900553023,0
d6772fe328421f7c25e0a007,化州糖水店(商农东街店),美食,蛋糕甜品店,广东省,广州市,白云区,广东省广州市白云区罗岗街自编1号西60米,d6772fe328421f7c25e0a007,1,0,113.277182,23.253143,,cater,http://api.map.baidu.com/place/detail?uid=d6772fe328421f7c25e0a007&output=html&source=placeapi_v2,,,,,,,,,,,,,,,,,,,,0
69b19a58fdb52a80b33c8193,爽爽甜品(石马),美食,蛋糕甜品店,广东省,广州市,白云区,广东省广州市白云区小石马商业街36号,69b19a58fdb52a80b33c8193,1,0,113.255564,23.259568,,cater,http://api.map.baidu.com/place/detail?uid=69b19a58fdb52a80b33c8193&output=html&source=placeapi_v2,,,,,,,,,,,,,,,,,,113.25552783984,23.259465141823,0
de3c3d93fb116bc9a1d2308d,爽爽甜品(洞隐北街店),美食,蛋糕甜品店,广东省,广州市,白云区,广东省广州市白云区罗岗北街2号2楼,de3c3d93fb116bc9a1d2308d,1,0,113.278594,23.255787,13710950025,cater,http://api.map.baidu.com/place/detail?uid=de3c3d93fb116bc9a1d2308d&output=html&source=placeapi_v2,,,,,,,,,,,,,,,,,,113.27851488764,23.255711811191,0
5d9fa5252255ca3bb5147faa,爽爽甜品(商农东街店),美食,蛋糕甜品店,广东省,广州市,白云区,广东省广州市白云区垂思大街41号,5d9fa5252255ca3bb5147faa,1,0,113.27693,23.253369,,cater,http://api.map.baidu.com/place/detail?uid=5d9fa5252255ca3bb5147faa&output=html&source=placeapi_v2,,,,,,,,,,,,,,,,,,113.27691742467,23.253284411072,0
c393b56fe355b5c92fb17e75,麦语家园(大朗店),美食,蛋糕甜品店,广东省,广州市,白云区,广州市白云区大朗中路大朗中学东南侧约50米,c393b56fe355b5c92fb17e75,1,0,113.250896,23.244513,"(020)32582821,18819496551",cater,http://api.map.baidu.com/place/detail?uid=c393b56fe355b5c92fb17e75&output=html&source=placeapi_v2,11.0,05:30-23:30,3.5,,,,,,,,0,,,,,,,113.25092288505,23.244661742089,0
c16534056f059707ab175a08,皇冠新玛莉(集贤庄店),美食,蛋糕甜品店,广东省,广州市,白云区,广东省广州市白云区永平街集贤路139号1楼3号,c16534056f059707ab175a08,1,0,113.309601,23.238919,(020)86190573,life,http://api.map.baidu.com/place/detail?uid=c16534056f059707ab175a08&output=html&source=placeapi_v2,,05:45-22:15,,,,,,,,28,0,,,,,,,113.30968558128,23.238827849641,0
d89b333c03664c19b13c819c,DQ(云门NEW PARK店),美食,蛋糕甜品店,广东省,广州市,白云区,广东省广州市白云区百顺北路1号云门NEW PARKF1,d89b333c03664c19b13c819c,1,0,113.298159,23.242276,(020)31231804,cater,http://api.map.baidu.com/place/detail?uid=d89b333c03664c19b13c819c&output=html&source=placeapi_v2,26.0,10:00-23:00,4.5,,,,,,,,1,,,,,,,,,0
11b0ffc1ea72aa93441a323a,美心西饼(云门NEW PARK店),美食,蛋糕甜品店,广东省,广州市,白云区,广东省广州市白云区百顺北路1号云门NEW PARKF1,,1,0,113.298446,23.242238,(020)37415660,cater,http://api.map.baidu.com/place/detail?uid=11b0ffc1ea72aa93441a323a&output=html&source=placeapi_v2,69.0,10:00-22:00,3.8,,,,,,,,0,,,,,,,113.29755779216,23.24328111528,0
2c8e657a00898eeb246e98b9,美喆西饼(华发店),美食,蛋糕甜品店,广东省,广州市,白云区,广东省广州市白云区新顺南路106~107号,2c8e657a00898eeb246e98b9,1,0,113.303823,23.237513,18122194543,cater,http://api.map.baidu.com/place/detail?uid=2c8e657a00898eeb246e98b9&output=html&source=placeapi_v2,43.0,"06:00-11:00,11:30-23:00",3.6,,,,,,,,0,,,,,,,,,0
c9cdfe631c066a719e82eaeb,超润甜品(上胜东街店),美食,蛋糕甜品店,广东省,广州市,白云区,广东省广州市白云区荷木岭街32号,c9cdfe631c066a719e82eaeb,1,0,113.289209,23.241978,15218311933,cater,http://api.map.baidu.com/place/detail?uid=c9cdfe631c066a719e82eaeb&output=html&source=placeapi_v2,13.0,11:30-01:00,5,,,,,,,,1,,,,,,,113.28925128238,23.241867775811,0
8945041071928f497dc876c1,拈花甜品,美食,蛋糕甜品店,广东省,广州市,白云区,美馨小区A24铺,8945041071928f497dc876c1,1,0,113.291407,23.239489,15920142971,cater,http://api.map.baidu.com/place/detail?uid=8945041071928f497dc876c1&output=html&source=placeapi_v2,,10:30-03:00,3.5,,,,,,,,9,,,,,,,113.29140151586,23.239569656739,0
7d069d513ea56967e956faa7,麦语家园(望岗直营店),美食,蛋糕甜品店,广东省,广州市,白云区,广东广州市白云区甲水北街79号,7d069d513ea56967e956faa7,1,0,113.287557,23.244485,(020)31238190,cater,http://api.map.baidu.com/place/detail?uid=7d069d513ea56967e956faa7&output=html&source=placeapi_v2,14.0,06:00-24:00,4,,,,,,,,25,,,,,,,113.28758927256,23.244550194543,0
d0f1eb652b2ddcf742d63e29,绿贝烘焙(杨苑街店),美食,蛋糕甜品店,广东省,广州市,白云区,广东省广州市白云区杨苑街四巷19号,d0f1eb652b2ddcf742d63e29,1,0,113.293869,23.261404,,cater,http://api.map.baidu.com/place/detail?uid=d0f1eb652b2ddcf742d63e29&output=html&source=placeapi_v2,15.0,09:00-22:00,0,,,,,,,,1,,,,,,,113.29409368357,23.261392535702,0
73ea7508abd9273a6018091c,爽爽甜品(彭上中路店),美食,蛋糕甜品店,广东省,广州市,白云区,广州市白云区联边彭上新村西路彭上社区东北侧约40米,73ea7508abd9273a6018091c,1,0,113.290888,23.237312,14715905677,cater,http://api.map.baidu.com/place/detail?uid=73ea7508abd9273a6018091c&output=html&source=placeapi_v2,,,,,,,,,,,,,,,,,,113.29076164026,23.237333247994,0
3fc7d7cdd50aa0f10b1cc74c,绿贝烘焙(大源东路店),美食,蛋糕甜品店,广东省,广州市,白云区,广东省广州市白云区大源东路26号,3fc7d7cdd50aa0f10b1cc74c,1,0,113.357317,23.2552,"(020)29138133,13138688787",cater,http://api.map.baidu.com/place/detail?uid=3fc7d7cdd50aa0f10b1cc74c&output=html&source=placeapi_v2,8.0,06:30-24:00,3.5,,,,,,,,0,,,,,,,113.35735637119,23.255265912082,0
5967049316b9321c83a00c4e,九街甜品,美食,蛋糕甜品店,广东省,广州市,白云区,白云区财经教育学院北区9号,,1,0,113.371202,23.258672,13711099026,cater,http://api.map.baidu.com/place/detail?uid=5967049316b9321c83a00c4e&output=html&source=placeapi_v2,,10:00-01:00,3.5,,,,,,,,,,,,,,,113.37124751697,23.258558516413,0
4b4c6f205a67863a8bf15d4c,杨杨甜品店,美食,蛋糕甜品店,广东省,广州市,白云区,广东省广州市白云区西湖东街12号,4b4c6f205a67863a8bf15d4c,1,0,113.266642,23.301218,13128291858,cater,http://api.map.baidu.com/place/detail?uid=4b4c6f205a67863a8bf15d4c&output=html&source=placeapi_v2,,11:30-23:30,3.5,,,,,,,,,,,,,,,113.26666701321,23.301264980191,0
20c81b01309135b3130daa9a,化州甜品,美食,蛋糕甜品店,广东省,广州市,白云区,广东省广州市白云区高路西大街9号,,1,0,113.30318,23.292262,15362080893,cater,http://api.map.baidu.com/place/detail?uid=20c81b01309135b3130daa9a&output=html&source=placeapi_v2,,10:00-23:00,,,,,,,,,,,,,,,,,,0
bbeab6ee1ed9e4b6ad080f95,甜蜜人生蛋糕店,美食,蛋糕甜品店,广东省,广州市,白云区,广东省广州市白云区南村中路11号,,1,0,113.309516,23.28914,,cater,http://api.map.baidu.com/place/detail?uid=bbeab6ee1ed9e4b6ad080f95&output=html&source=placeapi_v2,,,,,,,,,,,,,,,,,,,,0
b06e62c3935b63f03517dcf3,化州专业甜品,美食,蛋糕甜品店,广东省,广州市,白云区,广东省广州市白云区龙归长红竹仔园大街35号,b06e62c3935b63f03517dcf3,1,0,113.301652,23.270065,13650220273,cater,http://api.map.baidu.com/place/detail?uid=b06e62c3935b63f03517dcf3&output=html&source=placeapi_v2,,,,,,,,,,,,,,,,,,,,0
b41da3deaba0002f74026901,超润甜品(南岭中路店),美食,蛋糕甜品店,广东省,广州市,白云区,广东省广州市白云区南岭中路14号,b41da3deaba0002f74026901,1,0,113.302934,23.275887,18806686952,cater,http://api.map.baidu.com/place/detail?uid=b41da3deaba0002f74026901&output=html&source=placeapi_v2,15.0,11:00-02:00,3.5,,,,,,,,1,,,,,,,113.30282532721,23.275878781249,0
04129d0fea449cdc83a00ccb,化州友赛甜品（长红店）,美食,蛋糕甜品店,广东省,广州市,白云区,广东省广州市白云区园大街35号,04129d0fea449cdc83a00ccb,1,0,113.302749,23.271852,"13650220273,13763171859",cater,http://api.map.baidu.com/place/detail?uid=04129d0fea449cdc83a00ccb&output=html&source=placeapi_v2,,11:00-03:00,,,,,,,,,,,,,,,,,,0
dd9b6240dab101242b3a9f60,大口九茶饮(竹仔园店),美食,蛋糕甜品店,广东省,广州市,白云区,广东省广州市白云区竹仔园大街92号,dd9b6240dab101242b3a9f60,1,0,113.302668,23.272357,13570078253,cater,http://api.map.baidu.com/place/detail?uid=dd9b6240dab101242b3a9f60&output=html&source=placeapi_v2,13.0,15:00-02:00,4.6,,,,,,,,8,,,,,,,113.30274278551,23.272347272225,0
855de02e086f952fc7f025d3,蒸蕊面点坊,美食,蛋糕甜品店,广东省,广州市,黄埔区,广东省广州市黄埔区商场路墟西大街6号,,1,0,113.581441,23.282256,13434121973,cater,http://api.map.baidu.com/place/detail?uid=855de02e086f952fc7f025d3&output=html&source=placeapi_v2,,06:30-19:00,,,,,,,,,,,,,,,,,,0
e76769855377fac6ebe58269,欧风麦田面包店(镇龙新市场店),美食,蛋糕甜品店,广东省,广州市,黄埔区,广州市黄埔区广汕公路1号镇龙新市场1号,e76769855377fac6ebe58269,1,0,113.590239,23.28392,13760801563,cater,http://api.map.baidu.com/place/detail?uid=e76769855377fac6ebe58269&output=html&source=placeapi_v2,10.0,09:00-21:00,3,,,,,,,,1,,,,,,,113.59032068709,23.283978905052,0
2dc41063b3c99a0dbca822c3,冠豪蛋糕西饼屋(镇龙店),美食,蛋糕甜品店,广东省,广州市,黄埔区,广东省广州市黄埔区兴龙路25号,2dc41063b3c99a0dbca822c3,1,0,113.591022,23.284141,"(020)82872583,(020)82904868",cater,http://api.map.baidu.com/place/detail?uid=2dc41063b3c99a0dbca822c3&output=html&source=placeapi_v2,16.0,10:00-22:00,3.5,,,,,,,,,,,,,,,,,0
8e68e674b40e3cc3af045737,甜乐乐糖水甜品店,美食,蛋糕甜品店,广东省,广州市,黄埔区,广东省广州市黄埔区新龙镇龙宝龙三街23号101房,,1,0,113.590709,23.28257,18100220796,cater,http://api.map.baidu.com/place/detail?uid=8e68e674b40e3cc3af045737&output=html&source=placeapi_v2,,10:00-23:00,,,,,,,,,,,,,,,,113.59083483494,23.282492661587,0
54b516575a62ae8f0bccdd88,冰屋缘茶饮,美食,蛋糕甜品店,广东省,广州市,黄埔区,广东省广州市黄埔区东大街2号,54b516575a62ae8f0bccdd88,1,0,113.58212,23.282424,,cater,http://api.map.baidu.com/place/detail?uid=54b516575a62ae8f0bccdd88&output=html&source=placeapi_v2,,09:00-24:00,5,,,,,,,,3,,,,,,,113.58207884363,23.28241578697,0
b87e22782de6beea22026223,淘鲜森水果蛋糕,美食,蛋糕甜品店,广东省,广州市,黄埔区,广州市黄埔区广华路中泰天境花园西北侧约250米,b87e22782de6beea22026223,1,0,113.590189,23.284037,18825112950,cater,http://api.map.baidu.com/place/detail?uid=b87e22782de6beea22026223&output=html&source=placeapi_v2,,,,,,,,,,,,,,,,,,113.59024210781,23.284074404945,0
d0645ef654b1ad55744ff14c,热点烘培私房蛋糕,美食,蛋糕甜品店,广东省,广州市,黄埔区,广东省广州市黄埔区兴龙路14号,d0645ef654b1ad55744ff14c,1,0,113.591466,23.284959,,cater,http://api.map.baidu.com/place/detail?uid=d0645ef654b1ad55744ff14c&output=html&source=placeapi_v2,,,,,,,,,,,,,,,,,,113.59133447696,23.2848429111,0
b9fedad51820c058c7f50d34,云语烘焙店,美食,蛋糕甜品店,广东省,广州市,黄埔区,广东省广州市黄埔区一纵路中泰天境三期104铺,b9fedad51820c058c7f50d34,1,0,113.591906,23.280655,15626485551,cater,http://api.map.baidu.com/place/detail?uid=b9fedad51820c058c7f50d34&output=html&source=placeapi_v2,,00:00-24:00,,,,,,,,,,,,,,,,,,0
a9f91aff943c5fc14f3a597e,美悦西饼屋(中新分店),美食,蛋糕甜品店,广东省,广州市,增城区,广东省广州市增城区中新竹林路86号,a9f91aff943c5fc14f3a597e,1,0,113.627111,23.294304,13602725577,cater,http://api.map.baidu.com/place/detail?uid=a9f91aff943c5fc14f3a597e&output=html&source=placeapi_v2,15.0,10:00-22:00,3.5,,,,,,,,2,,,,,,,113.62704066751,23.29422033025,0
035466c37d2691b1d6851fee,比嘉思西饼屋,美食,蛋糕甜品店,广东省,广州市,增城区,广东省广州市增城区沿岗路7号,035466c37d2691b1d6851fee,1,0,113.704849,23.278857,(020)82857790,cater,http://api.map.baidu.com/place/detail?uid=035466c37d2691b1d6851fee&output=html&source=placeapi_v2,,07:00-21:00,3.4,,,,,,,,2,,,,,,,113.70486168229,23.278656432486,0
480b24d0ec0afc8c9dec2b99,智香甜品店,美食,蛋糕甜品店,广东省,广州市,增城区,广东省广州市增城区光明西路39号,480b24d0ec0afc8c9dec2b99,1,0,113.837132,23.292699,(020)82750155,cater,http://api.map.baidu.com/place/detail?uid=480b24d0ec0afc8c9dec2b99&output=html&source=placeapi_v2,30.0,09:00-03:00,3.9,,,,,,,,4,,,,,,,113.83716278736,23.292796033361,0
c9f535d0802a6e85250bd055,黄氏牛奶甜品专家(洋角街总店),美食,蛋糕甜品店,广东省,广州市,增城区,广东省广州市增城区洋角街2号,c9f535d0802a6e85250bd055,1,0,113.831089,23.285749,13570595687,cater,http://api.map.baidu.com/place/detail?uid=c9f535d0802a6e85250bd055&output=html&source=placeapi_v2,14.0,12:00-24:00,3.5,,,,,,,,0,,,,,,,113.8311442689,23.285628729686,0
57430b9a176dfa2d8415415d,蓝夏手工甜品店,美食,蛋糕甜品店,广东省,广州市,增城区,广东省广州市增城区岗前西路28号北栋之4号,57430b9a176dfa2d8415415d,1,0,113.831647,23.290968,"13076590792,13539457786",cater,http://api.map.baidu.com/place/detail?uid=57430b9a176dfa2d8415415d&output=html&source=placeapi_v2,25.0,12:00-22:00,3.6,,,,,,,,0,,,,,,,113.83169700167,23.291167730125,0
2319299c4dc1de4f6fc02c8f,佰喜东糖(糖水店),美食,蛋糕甜品店,广东省,广州市,增城区,广东省广州市增城区观翠路8号,2319299c4dc1de4f6fc02c8f,1,0,113.827825,23.289805,(020)82618818,cater,http://api.map.baidu.com/place/detail?uid=2319299c4dc1de4f6fc02c8f&output=html&source=placeapi_v2,23.0,08:00-01:00,3.5,,,,,,,38,4,,,,,,,113.82771376862,23.289781622054,0
d34c15a23d11d035882fb58e,网红枕头蛋糕(增城万达店),美食,蛋糕甜品店,广东省,广州市,增城区,广东省广州市增城区荔城街道雁塔社区增城大道69号万达广场F3,d34c15a23d11d035882fb58e,1,0,113.821016,23.28178,18148808033,cater,http://api.map.baidu.com/place/detail?uid=d34c15a23d11d035882fb58e&output=html&source=placeapi_v2,26.0,10:00-22:00,3.7,,,,,,,,0,,,,,,,113.82345571067,23.280634154273,0
de23d26ccbf0a480acee7a7b,赵记传承(增城万达店),美食,蛋糕甜品店,广东省,广州市,增城区,广东省广州市增城区荔城街道雁塔社区增城大道69号万达广场F1,de23d26ccbf0a480acee7a7b,1,0,113.820411,23.281557,13602753228,cater,http://api.map.baidu.com/place/detail?uid=de23d26ccbf0a480acee7a7b&output=html&source=placeapi_v2,31.0,13:00-23:00,3.9,,,,,,,,1,,,,,,,,,0
a12baa4090cd2a4fe956fab6,名润糖水炖品店,美食,蛋糕甜品店,广东省,广州市,增城区,广州市增城区莲园路西园物业小区西北侧约40米,a12baa4090cd2a4fe956fab6,1,0,113.835913,23.294428,(020)82667226,cater,http://api.map.baidu.com/place/detail?uid=a12baa4090cd2a4fe956fab6&output=html&source=placeapi_v2,16.0,08:00-01:00,5,,,,,,,,3,,,,,,,113.83593037094,23.294518507596,0
65bc7d92a68b74783a13fd93,甜品屋(金竹一路店),美食,蛋糕甜品店,广东省,广州市,增城区,广州市增城区金竹一路锦绣御景国际一期-南区,65bc7d92a68b74783a13fd93,1,0,113.811794,23.293469,,cater,http://api.map.baidu.com/place/detail?uid=65bc7d92a68b74783a13fd93&output=html&source=placeapi_v2,,,,,,,,,,,,,,,,,,,,0
deb2a10b2c7799c98733045a,海天堂(荔城店),美食,蛋糕甜品店,广东省,广州市,增城区,广东省广州市增城区荔园西路31号,deb2a10b2c7799c98733045a,1,0,113.834104,23.291203,"18129519066,18129519073",cater,http://api.map.baidu.com/place/detail?uid=deb2a10b2c7799c98733045a&output=html&source=placeapi_v2,40.0,09:30-22:30,0,,,,,,,,1,,,,,,,113.83413087242,23.291297453597,0
f1f5cac50a24438137b06ca5,惠芳糖水炖品屋,美食,蛋糕甜品店,广东省,广州市,增城区,广东省广州市增城区园圃路18号,f1f5cac50a24438137b06ca5,1,0,113.836246,23.294859,(020)82742666,cater,http://api.map.baidu.com/place/detail?uid=f1f5cac50a24438137b06ca5&output=html&source=placeapi_v2,22.0,09:00-02:00,3.5,,,,,,,,7,,,,,,,113.83631553974,23.294842788608,0
1f629e57492a2b5eafee7aef,香港维记牛奶(府佑路店),美食,蛋糕甜品店,广东省,广州市,增城区,广东广州市增城区府佑路1-27号,1f629e57492a2b5eafee7aef,1,0,113.833774,23.283123,13543624364,cater,http://api.map.baidu.com/place/detail?uid=1f629e57492a2b5eafee7aef&output=html&source=placeapi_v2,,00:00-24:00,,,,,,,,1,,,,,,,,113.83387435499,23.283303243872,0
46ed1a93040cda009d95defb,云玲炖品糖水店,美食,蛋糕甜品店,广东省,广州市,增城区,广东省广州市增城区荔园路15号,46ed1a93040cda009d95defb,1,0,113.837428,23.290719,(020)82718899,cater,http://api.map.baidu.com/place/detail?uid=46ed1a93040cda009d95defb&output=html&source=placeapi_v2,15.0,10:00-24:00,2,,,,,,,,2,,,,,,,113.8374145267,23.290697916185,0
61f634f6fd8ee9616a49f3be,澳麦居(岗前路店),美食,蛋糕甜品店,广东省,广州市,增城区,广东省广州市增城区荔城镇岗前路11号,61f634f6fd8ee9616a49f3be,1,0,113.836565,23.289518,(020)82754797,cater,http://api.map.baidu.com/place/detail?uid=61f634f6fd8ee9616a49f3be&output=html&source=placeapi_v2,11.0,06:00-24:00,3.5,,,,,,,,24,,,,,,,113.83658349709,23.289330623461,0
9d938af75e023961a80dd804,YOUNG(夏街店),美食,蛋糕甜品店,广东省,广州市,增城区,广州市增城区夏街大道89号二楼(即工商局兴发市场斜对面),9d938af75e023961a80dd804,1,0,113.837338,23.288344,13556068978,life,http://api.map.baidu.com/place/detail?uid=9d938af75e023961a80dd804&output=html&source=placeapi_v2,,15:00-23:30,3.4,,,,,,,69,13,,,,,,,113.83718001776,23.288340502045,0
59a8d7cda737e16e16764316,广隆蛋挞王(西城路店),美食,蛋糕甜品店,广东省,广州市,增城区,广东省广州市增城区西城路5号,59a8d7cda737e16e16764316,1,0,113.838028,23.295223,13534858671,cater,http://api.map.baidu.com/place/detail?uid=59a8d7cda737e16e16764316&output=html&source=placeapi_v2,8.0,07:30-21:30,3.7,,,,,,,,3,,,,,,,113.8379818767,23.295297745543,0
1d56d6b8538de4e59868b47a,澳麦居(城西店),美食,蛋糕甜品店,广东省,广州市,增城区,广东省广州市增城区荔城大道163号之4号,1d56d6b8538de4e59868b47a,1,0,113.82528,23.299558,(020)82610019,cater,http://api.map.baidu.com/place/detail?uid=1d56d6b8538de4e59868b47a&output=html&source=placeapi_v2,16.0,06:00-22:00,3.5,,,,,,,,15,,,,,,,113.82523718525,23.299684485843,0
3cafed831c5fb4712806ce7e,澳麦居(增城中坚豪庭店),美食,蛋糕甜品店,广东省,广州市,增城区,广东省广州市增城区荔城镇中坚豪庭府前路1号四栋8号(广州市增城区荔城街中坚豪庭府前路1号四幢8号),3cafed831c5fb4712806ce7e,1,0,113.83361,23.283205,(020)82663533,cater,http://api.map.baidu.com/place/detail?uid=3cafed831c5fb4712806ce7e&output=html&source=placeapi_v2,14.0,06:00-22:30,3.5,,,,,,,,1,,,,,,,113.83371424641,23.283383074382,0
e1905930cc9301ceb05c6a56,安化黑茶(园墩路店),美食,蛋糕甜品店,广东省,广州市,增城区,广东省广州市增城区园墩路67号,e1905930cc9301ceb05c6a56,1,0,113.834229,23.293096,,cater,http://api.map.baidu.com/place/detail?uid=e1905930cc9301ceb05c6a56&output=html&source=placeapi_v2,,09:00-17:00,,,,,,,,,1,,,,,,,,,0
